
_________________
pr124
OTT: prima di inserire: [41, 39, 38, 22, 21, 20, 19, 18, 17, 44, 45, 46, 47, 48, 49, 50, 14, 13, 12, 11, 10, 9, 8, 15, 16, 51, 52, 53, 43, 42, 40]
AAAAAAAAAAAAA COSTO: 1000.0
(1000.0, 23, 22, 21)
OTT DOPO INSERIMENTO
[41, 39, 38, 22, 23, 21, 20, 19, 18, 17, 44, 45, 46, 47, 48, 49, 50, 14, 13, 12, 11, 10, 9, 8, 15, 16, 51, 52, 53, 43, 42, 40]
cheapestInsertionOttimizzato costo: 66232.56, qualità: 1.1220, tempo: 0.093596 secondi
NON OTT: prima di inserire: [41, 39, 38, 22, 21, 20, 19, 18, 17, 44, 45, 46, 47, 48, 49, 50, 14, 13, 12, 11, 10, 9, 8, 15, 16, 51, 52, 53, 43, 42, 40]
AAAAAAAAAAAAA COSTO: 1000.0
(1000.0, 23, 38, 22)
NONOTT DOPO INSERIMENTO
[41, 39, 38, 23, 22, 21, 20, 19, 18, 17, 44, 45, 46, 47, 48, 49, 50, 14, 13, 12, 11, 10, 9, 8, 15, 16, 51, 52, 53, 43, 42, 40]
cheapestInsertion  costo: 66466.35, qualità: 1.1260, tempo: 0.090856 secondi
Optimal 59030
___
[41, 39, 38, 22, 23, 21, 20, 19, 18, 17, 44, 45, 46, 47, 48, 49, 50, 14, 13, 12, 11, 10, 9, 8, 15, 16, 51, 52, 53, 43, 42, 40]
[41, 39, 38, 23, 22, 21, 20, 19, 18, 17, 44, 45, 46, 47, 48, 49, 50, 14, 13, 12, 11, 10, 9, 8, 15, 16, 51, 52, 53, 43, 42, 40]
