
_________________
kroB200
[128, 27, 90]
[128, 27, 157, 90]
[128, 27, 157, 2, 90]
[128, 27, 157, 10, 2, 90]
[128, 27, 157, 92, 10, 2, 90]
[128, 27, 157, 92, 10, 2, 7, 90]
[128, 27, 157, 92, 10, 2, 7, 98, 90]
[128, 27, 157, 92, 10, 2, 7, 98, 96, 90]
[128, 27, 157, 92, 10, 2, 28, 7, 98, 96, 90]
[128, 27, 157, 92, 10, 2, 28, 135, 7, 98, 96, 90]
[128, 27, 157, 92, 10, 2, 28, 135, 75, 7, 98, 96, 90]
[128, 27, 157, 92, 10, 2, 28, 135, 58, 75, 7, 98, 96, 90]
[128, 27, 157, 92, 10, 2, 28, 135, 166, 58, 75, 7, 98, 96, 90]
[128, 27, 157, 92, 10, 2, 28, 135, 166, 174, 58, 75, 7, 98, 96, 90]
[128, 27, 157, 92, 10, 2, 28, 135, 31, 166, 174, 58, 75, 7, 98, 96, 90]
[128, 27, 157, 92, 121, 10, 2, 28, 135, 31, 166, 174, 58, 75, 7, 98, 96, 90]
[128, 27, 157, 92, 121, 84, 10, 2, 28, 135, 31, 166, 174, 58, 75, 7, 98, 96, 90]
[128, 27, 157, 92, 121, 72, 84, 10, 2, 28, 135, 31, 166, 174, 58, 75, 7, 98, 96, 90]
[128, 27, 157, 92, 121, 72, 84, 10, 2, 28, 135, 97, 31, 166, 174, 58, 75, 7, 98, 96, 90]
[128, 27, 157, 92, 121, 72, 84, 10, 2, 28, 135, 97, 173, 31, 166, 174, 58, 75, 7, 98, 96, 90]
[128, 27, 157, 92, 121, 72, 84, 10, 2, 28, 135, 97, 173, 11, 31, 166, 174, 58, 75, 7, 98, 96, 90]
[128, 27, 157, 92, 121, 72, 84, 10, 2, 28, 135, 97, 173, 11, 106, 31, 166, 174, 58, 75, 7, 98, 96, 90]
[128, 27, 157, 92, 121, 72, 84, 10, 2, 28, 135, 97, 173, 11, 160, 106, 31, 166, 174, 58, 75, 7, 98, 96, 90]
[128, 27, 157, 92, 121, 72, 84, 10, 2, 28, 135, 97, 173, 11, 160, 70, 106, 31, 166, 174, 58, 75, 7, 98, 96, 90]
[128, 27, 157, 92, 121, 72, 84, 10, 2, 28, 135, 97, 173, 11, 160, 70, 106, 94, 31, 166, 174, 58, 75, 7, 98, 96, 90]
[128, 27, 157, 92, 121, 72, 84, 10, 2, 28, 135, 97, 173, 11, 160, 70, 106, 0, 94, 31, 166, 174, 58, 75, 7, 98, 96, 90]
[128, 27, 157, 92, 121, 72, 84, 10, 2, 28, 135, 97, 173, 11, 160, 70, 106, 89, 0, 94, 31, 166, 174, 58, 75, 7, 98, 96, 90]
[128, 27, 157, 92, 121, 72, 84, 10, 2, 28, 135, 97, 173, 11, 160, 70, 106, 89, 20, 0, 94, 31, 166, 174, 58, 75, 7, 98, 96, 90]
[128, 27, 157, 92, 121, 72, 84, 10, 2, 28, 135, 97, 173, 11, 160, 70, 106, 89, 20, 122, 0, 94, 31, 166, 174, 58, 75, 7, 98, 96, 90]
[128, 27, 157, 92, 121, 72, 84, 10, 2, 28, 135, 97, 173, 11, 160, 70, 106, 89, 20, 122, 141, 0, 94, 31, 166, 174, 58, 75, 7, 98, 96, 90]
[128, 27, 157, 92, 121, 72, 84, 10, 2, 28, 135, 97, 173, 11, 160, 70, 106, 89, 20, 122, 9, 141, 0, 94, 31, 166, 174, 58, 75, 7, 98, 96, 90]
[128, 27, 157, 92, 121, 72, 84, 10, 2, 28, 135, 97, 173, 11, 160, 70, 106, 89, 20, 122, 67, 9, 141, 0, 94, 31, 166, 174, 58, 75, 7, 98, 96, 90]
[128, 27, 157, 92, 121, 72, 84, 10, 2, 28, 135, 97, 173, 11, 160, 70, 106, 89, 20, 122, 67, 110, 9, 141, 0, 94, 31, 166, 174, 58, 75, 7, 98, 96, 90]
[128, 27, 157, 92, 121, 72, 84, 10, 2, 28, 135, 97, 173, 11, 160, 70, 106, 89, 20, 122, 67, 110, 188, 9, 141, 0, 94, 31, 166, 174, 58, 75, 7, 98, 96, 90]
[128, 27, 157, 92, 121, 72, 84, 10, 2, 28, 135, 97, 173, 11, 160, 70, 106, 89, 20, 122, 67, 110, 189, 188, 9, 141, 0, 94, 31, 166, 174, 58, 75, 7, 98, 96, 90]
[128, 27, 157, 92, 121, 72, 84, 10, 2, 28, 135, 97, 173, 11, 160, 70, 106, 89, 20, 122, 67, 110, 116, 189, 188, 9, 141, 0, 94, 31, 166, 174, 58, 75, 7, 98, 96, 90]
[128, 27, 157, 92, 121, 72, 84, 10, 2, 28, 135, 97, 173, 11, 160, 70, 106, 89, 20, 122, 67, 110, 116, 39, 189, 188, 9, 141, 0, 94, 31, 166, 174, 58, 75, 7, 98, 96, 90]
[128, 27, 157, 92, 121, 72, 84, 10, 2, 28, 135, 97, 173, 11, 160, 70, 106, 89, 20, 122, 67, 110, 116, 39, 38, 189, 188, 9, 141, 0, 94, 31, 166, 174, 58, 75, 7, 98, 96, 90]
[128, 27, 157, 92, 121, 72, 84, 10, 2, 28, 135, 97, 173, 11, 160, 70, 106, 89, 20, 122, 67, 110, 116, 39, 69, 38, 189, 188, 9, 141, 0, 94, 31, 166, 174, 58, 75, 7, 98, 96, 90]
[128, 27, 157, 92, 121, 72, 84, 10, 2, 28, 135, 97, 173, 11, 160, 70, 106, 89, 20, 122, 67, 110, 116, 39, 69, 148, 38, 189, 188, 9, 141, 0, 94, 31, 166, 174, 58, 75, 7, 98, 96, 90]
[128, 27, 157, 92, 121, 72, 84, 10, 2, 28, 135, 97, 173, 11, 160, 70, 106, 89, 20, 122, 67, 110, 116, 39, 197, 69, 148, 38, 189, 188, 9, 141, 0, 94, 31, 166, 174, 58, 75, 7, 98, 96, 90]
[128, 27, 157, 92, 121, 72, 84, 10, 2, 28, 135, 97, 173, 11, 160, 70, 106, 89, 20, 122, 67, 110, 116, 39, 197, 169, 69, 148, 38, 189, 188, 9, 141, 0, 94, 31, 166, 174, 58, 75, 7, 98, 96, 90]
[128, 27, 157, 92, 121, 72, 84, 10, 2, 28, 135, 97, 173, 11, 160, 70, 106, 89, 20, 122, 67, 110, 116, 39, 197, 169, 52, 69, 148, 38, 189, 188, 9, 141, 0, 94, 31, 166, 174, 58, 75, 7, 98, 96, 90]
[128, 27, 157, 92, 121, 72, 84, 10, 2, 28, 135, 97, 173, 11, 160, 70, 106, 89, 20, 122, 67, 110, 193, 116, 39, 197, 169, 52, 69, 148, 38, 189, 188, 9, 141, 0, 94, 31, 166, 174, 58, 75, 7, 98, 96, 90]
[128, 27, 157, 92, 121, 72, 84, 10, 2, 28, 135, 97, 173, 11, 160, 70, 106, 89, 20, 122, 67, 110, 193, 131, 116, 39, 197, 169, 52, 69, 148, 38, 189, 188, 9, 141, 0, 94, 31, 166, 174, 58, 75, 7, 98, 96, 90]
[128, 27, 157, 92, 121, 72, 84, 10, 2, 28, 135, 97, 173, 11, 160, 70, 106, 89, 20, 122, 67, 110, 193, 131, 4, 116, 39, 197, 169, 52, 69, 148, 38, 189, 188, 9, 141, 0, 94, 31, 166, 174, 58, 75, 7, 98, 96, 90]
[128, 27, 157, 92, 121, 72, 84, 10, 2, 28, 135, 97, 173, 11, 160, 70, 106, 89, 20, 122, 67, 110, 193, 131, 4, 196, 116, 39, 197, 169, 52, 69, 148, 38, 189, 188, 9, 141, 0, 94, 31, 166, 174, 58, 75, 7, 98, 96, 90]
[128, 27, 157, 92, 121, 72, 84, 10, 2, 28, 135, 97, 173, 11, 160, 70, 106, 89, 20, 122, 67, 110, 193, 131, 4, 196, 66, 116, 39, 197, 169, 52, 69, 148, 38, 189, 188, 9, 141, 0, 94, 31, 166, 174, 58, 75, 7, 98, 96, 90]
[128, 27, 157, 92, 121, 72, 84, 10, 2, 28, 135, 97, 173, 11, 160, 70, 106, 89, 20, 122, 67, 110, 193, 61, 131, 4, 196, 66, 116, 39, 197, 169, 52, 69, 148, 38, 189, 188, 9, 141, 0, 94, 31, 166, 174, 58, 75, 7, 98, 96, 90]
[128, 27, 157, 92, 121, 72, 84, 10, 2, 28, 135, 97, 173, 11, 160, 70, 106, 89, 20, 122, 67, 110, 193, 25, 61, 131, 4, 196, 66, 116, 39, 197, 169, 52, 69, 148, 38, 189, 188, 9, 141, 0, 94, 31, 166, 174, 58, 75, 7, 98, 96, 90]
[128, 27, 157, 92, 121, 72, 84, 10, 2, 28, 135, 97, 173, 11, 160, 70, 106, 89, 20, 122, 67, 110, 193, 68, 25, 61, 131, 4, 196, 66, 116, 39, 197, 169, 52, 69, 148, 38, 189, 188, 9, 141, 0, 94, 31, 166, 174, 58, 75, 7, 98, 96, 90]
[128, 27, 157, 92, 121, 72, 84, 10, 2, 28, 135, 97, 173, 11, 160, 70, 106, 89, 20, 122, 67, 110, 193, 68, 149, 25, 61, 131, 4, 196, 66, 116, 39, 197, 169, 52, 69, 148, 38, 189, 188, 9, 141, 0, 94, 31, 166, 174, 58, 75, 7, 98, 96, 90]
[128, 27, 157, 92, 121, 72, 84, 10, 2, 28, 135, 97, 173, 11, 160, 70, 106, 89, 20, 122, 67, 110, 193, 68, 149, 100, 25, 61, 131, 4, 196, 66, 116, 39, 197, 169, 52, 69, 148, 38, 189, 188, 9, 141, 0, 94, 31, 166, 174, 58, 75, 7, 98, 96, 90]
[128, 27, 157, 92, 121, 72, 84, 10, 2, 28, 135, 97, 173, 11, 160, 70, 106, 89, 20, 122, 67, 110, 193, 68, 149, 100, 99, 25, 61, 131, 4, 196, 66, 116, 39, 197, 169, 52, 69, 148, 38, 189, 188, 9, 141, 0, 94, 31, 166, 174, 58, 75, 7, 98, 96, 90]
[128, 27, 157, 92, 121, 72, 84, 10, 2, 28, 135, 97, 173, 11, 160, 70, 106, 89, 20, 122, 67, 110, 193, 68, 149, 100, 55, 99, 25, 61, 131, 4, 196, 66, 116, 39, 197, 169, 52, 69, 148, 38, 189, 188, 9, 141, 0, 94, 31, 166, 174, 58, 75, 7, 98, 96, 90]
[128, 27, 157, 92, 121, 72, 84, 10, 2, 28, 135, 97, 173, 11, 160, 70, 106, 89, 20, 122, 67, 110, 193, 68, 149, 74, 100, 55, 99, 25, 61, 131, 4, 196, 66, 116, 39, 197, 169, 52, 69, 148, 38, 189, 188, 9, 141, 0, 94, 31, 166, 174, 58, 75, 7, 98, 96, 90]
[128, 27, 157, 92, 121, 72, 84, 10, 2, 28, 135, 97, 173, 11, 160, 70, 106, 89, 20, 122, 67, 110, 193, 68, 149, 29, 74, 100, 55, 99, 25, 61, 131, 4, 196, 66, 116, 39, 197, 169, 52, 69, 148, 38, 189, 188, 9, 141, 0, 94, 31, 166, 174, 58, 75, 7, 98, 96, 90]
[128, 27, 157, 92, 121, 72, 84, 10, 2, 28, 135, 97, 173, 11, 160, 70, 106, 89, 20, 122, 67, 110, 193, 68, 149, 133, 29, 74, 100, 55, 99, 25, 61, 131, 4, 196, 66, 116, 39, 197, 169, 52, 69, 148, 38, 189, 188, 9, 141, 0, 94, 31, 166, 174, 58, 75, 7, 98, 96, 90]
[128, 27, 157, 92, 121, 72, 84, 10, 2, 28, 135, 97, 173, 11, 160, 70, 106, 89, 20, 122, 67, 110, 193, 68, 149, 133, 180, 29, 74, 100, 55, 99, 25, 61, 131, 4, 196, 66, 116, 39, 197, 169, 52, 69, 148, 38, 189, 188, 9, 141, 0, 94, 31, 166, 174, 58, 75, 7, 98, 96, 90]
[128, 27, 157, 92, 121, 72, 84, 10, 2, 28, 135, 97, 173, 11, 160, 70, 106, 89, 20, 122, 67, 110, 193, 68, 149, 133, 180, 79, 29, 74, 100, 55, 99, 25, 61, 131, 4, 196, 66, 116, 39, 197, 169, 52, 69, 148, 38, 189, 188, 9, 141, 0, 94, 31, 166, 174, 58, 75, 7, 98, 96, 90]
[128, 27, 157, 92, 121, 72, 84, 10, 2, 28, 135, 97, 173, 11, 160, 70, 106, 89, 20, 122, 67, 110, 193, 68, 149, 133, 180, 19, 79, 29, 74, 100, 55, 99, 25, 61, 131, 4, 196, 66, 116, 39, 197, 169, 52, 69, 148, 38, 189, 188, 9, 141, 0, 94, 31, 166, 174, 58, 75, 7, 98, 96, 90]
[128, 27, 157, 92, 121, 72, 84, 10, 2, 28, 135, 97, 173, 11, 160, 70, 106, 89, 20, 122, 67, 110, 193, 68, 149, 133, 180, 37, 19, 79, 29, 74, 100, 55, 99, 25, 61, 131, 4, 196, 66, 116, 39, 197, 169, 52, 69, 148, 38, 189, 188, 9, 141, 0, 94, 31, 166, 174, 58, 75, 7, 98, 96, 90]
[128, 27, 157, 92, 121, 72, 84, 10, 2, 28, 135, 97, 173, 11, 160, 70, 106, 89, 20, 122, 67, 110, 193, 68, 149, 133, 180, 137, 37, 19, 79, 29, 74, 100, 55, 99, 25, 61, 131, 4, 196, 66, 116, 39, 197, 169, 52, 69, 148, 38, 189, 188, 9, 141, 0, 94, 31, 166, 174, 58, 75, 7, 98, 96, 90]
[128, 27, 157, 92, 121, 72, 84, 10, 2, 28, 135, 97, 173, 11, 160, 70, 106, 89, 20, 122, 67, 110, 193, 68, 149, 133, 180, 48, 137, 37, 19, 79, 29, 74, 100, 55, 99, 25, 61, 131, 4, 196, 66, 116, 39, 197, 169, 52, 69, 148, 38, 189, 188, 9, 141, 0, 94, 31, 166, 174, 58, 75, 7, 98, 96, 90]
[128, 27, 157, 92, 121, 72, 84, 10, 2, 28, 135, 97, 173, 11, 160, 70, 106, 89, 20, 122, 67, 110, 193, 68, 149, 133, 180, 48, 85, 137, 37, 19, 79, 29, 74, 100, 55, 99, 25, 61, 131, 4, 196, 66, 116, 39, 197, 169, 52, 69, 148, 38, 189, 188, 9, 141, 0, 94, 31, 166, 174, 58, 75, 7, 98, 96, 90]
[128, 27, 157, 92, 121, 72, 84, 10, 2, 28, 135, 97, 173, 11, 160, 70, 106, 89, 20, 122, 67, 110, 193, 68, 149, 133, 180, 48, 85, 137, 165, 37, 19, 79, 29, 74, 100, 55, 99, 25, 61, 131, 4, 196, 66, 116, 39, 197, 169, 52, 69, 148, 38, 189, 188, 9, 141, 0, 94, 31, 166, 174, 58, 75, 7, 98, 96, 90]
[128, 27, 157, 92, 121, 72, 84, 10, 2, 28, 135, 97, 173, 11, 160, 70, 106, 89, 20, 122, 67, 110, 193, 68, 149, 133, 180, 48, 85, 137, 165, 151, 37, 19, 79, 29, 74, 100, 55, 99, 25, 61, 131, 4, 196, 66, 116, 39, 197, 169, 52, 69, 148, 38, 189, 188, 9, 141, 0, 94, 31, 166, 174, 58, 75, 7, 98, 96, 90]
[128, 27, 157, 92, 121, 72, 84, 10, 2, 28, 135, 97, 173, 11, 160, 70, 106, 89, 20, 122, 67, 110, 193, 68, 149, 133, 180, 48, 85, 137, 165, 107, 151, 37, 19, 79, 29, 74, 100, 55, 99, 25, 61, 131, 4, 196, 66, 116, 39, 197, 169, 52, 69, 148, 38, 189, 188, 9, 141, 0, 94, 31, 166, 174, 58, 75, 7, 98, 96, 90]
[128, 27, 157, 92, 121, 72, 84, 10, 2, 28, 135, 97, 173, 11, 160, 70, 106, 89, 20, 122, 67, 110, 193, 68, 149, 133, 180, 48, 85, 137, 165, 107, 151, 37, 19, 79, 29, 74, 126, 100, 55, 99, 25, 61, 131, 4, 196, 66, 116, 39, 197, 169, 52, 69, 148, 38, 189, 188, 9, 141, 0, 94, 31, 166, 174, 58, 75, 7, 98, 96, 90]
[128, 27, 157, 92, 121, 72, 84, 10, 2, 28, 135, 97, 173, 11, 160, 70, 106, 89, 20, 122, 67, 110, 193, 68, 149, 133, 180, 48, 85, 137, 165, 107, 151, 37, 19, 79, 29, 74, 126, 123, 100, 55, 99, 25, 61, 131, 4, 196, 66, 116, 39, 197, 169, 52, 69, 148, 38, 189, 188, 9, 141, 0, 94, 31, 166, 174, 58, 75, 7, 98, 96, 90]
[128, 27, 157, 92, 121, 72, 84, 10, 2, 28, 135, 97, 173, 11, 160, 70, 106, 89, 20, 122, 67, 110, 193, 68, 149, 133, 180, 48, 85, 137, 165, 107, 151, 37, 19, 79, 29, 74, 126, 123, 187, 100, 55, 99, 25, 61, 131, 4, 196, 66, 116, 39, 197, 169, 52, 69, 148, 38, 189, 188, 9, 141, 0, 94, 31, 166, 174, 58, 75, 7, 98, 96, 90]
[128, 27, 157, 92, 121, 72, 84, 10, 2, 28, 135, 97, 173, 11, 160, 70, 106, 89, 20, 122, 67, 110, 193, 68, 149, 133, 180, 48, 85, 137, 165, 107, 151, 37, 19, 79, 29, 74, 126, 123, 187, 78, 100, 55, 99, 25, 61, 131, 4, 196, 66, 116, 39, 197, 169, 52, 69, 148, 38, 189, 188, 9, 141, 0, 94, 31, 166, 174, 58, 75, 7, 98, 96, 90]
[128, 27, 157, 92, 121, 72, 84, 10, 2, 28, 135, 97, 173, 11, 160, 70, 106, 89, 20, 122, 67, 110, 193, 68, 149, 133, 180, 48, 85, 137, 165, 107, 151, 37, 19, 79, 29, 74, 126, 123, 187, 78, 112, 100, 55, 99, 25, 61, 131, 4, 196, 66, 116, 39, 197, 169, 52, 69, 148, 38, 189, 188, 9, 141, 0, 94, 31, 166, 174, 58, 75, 7, 98, 96, 90]
[128, 27, 157, 92, 121, 72, 84, 10, 2, 28, 135, 97, 173, 11, 160, 70, 106, 89, 20, 122, 67, 110, 193, 68, 149, 133, 180, 48, 85, 137, 165, 107, 151, 37, 19, 79, 29, 74, 126, 123, 187, 78, 178, 112, 100, 55, 99, 25, 61, 131, 4, 196, 66, 116, 39, 197, 169, 52, 69, 148, 38, 189, 188, 9, 141, 0, 94, 31, 166, 174, 58, 75, 7, 98, 96, 90]
[128, 27, 157, 92, 121, 72, 84, 10, 2, 28, 135, 97, 173, 11, 160, 70, 106, 89, 20, 122, 67, 110, 193, 68, 149, 133, 180, 48, 85, 137, 165, 107, 151, 37, 19, 79, 29, 74, 126, 123, 64, 187, 78, 178, 112, 100, 55, 99, 25, 61, 131, 4, 196, 66, 116, 39, 197, 169, 52, 69, 148, 38, 189, 188, 9, 141, 0, 94, 31, 166, 174, 58, 75, 7, 98, 96, 90]
[128, 27, 157, 92, 121, 72, 84, 10, 2, 28, 135, 97, 173, 11, 160, 70, 106, 89, 20, 122, 67, 110, 193, 68, 149, 133, 180, 48, 85, 137, 165, 107, 151, 37, 19, 79, 29, 74, 126, 123, 64, 187, 78, 178, 80, 112, 100, 55, 99, 25, 61, 131, 4, 196, 66, 116, 39, 197, 169, 52, 69, 148, 38, 189, 188, 9, 141, 0, 94, 31, 166, 174, 58, 75, 7, 98, 96, 90]
[128, 27, 157, 92, 121, 72, 84, 10, 2, 28, 135, 97, 173, 11, 160, 70, 106, 89, 20, 122, 67, 110, 193, 68, 149, 133, 180, 48, 85, 137, 165, 107, 151, 37, 19, 79, 29, 74, 126, 123, 64, 140, 187, 78, 178, 80, 112, 100, 55, 99, 25, 61, 131, 4, 196, 66, 116, 39, 197, 169, 52, 69, 148, 38, 189, 188, 9, 141, 0, 94, 31, 166, 174, 58, 75, 7, 98, 96, 90]
[128, 27, 157, 92, 121, 72, 84, 10, 2, 28, 135, 97, 173, 11, 160, 70, 106, 89, 20, 122, 67, 110, 193, 68, 149, 133, 180, 48, 85, 137, 165, 107, 151, 37, 19, 79, 29, 74, 126, 123, 64, 183, 140, 187, 78, 178, 80, 112, 100, 55, 99, 25, 61, 131, 4, 196, 66, 116, 39, 197, 169, 52, 69, 148, 38, 189, 188, 9, 141, 0, 94, 31, 166, 174, 58, 75, 7, 98, 96, 90]
[128, 27, 157, 92, 121, 72, 84, 10, 2, 28, 135, 97, 173, 11, 160, 70, 106, 89, 20, 122, 67, 110, 193, 68, 149, 133, 180, 48, 85, 137, 165, 107, 151, 37, 19, 79, 29, 74, 126, 123, 64, 36, 183, 140, 187, 78, 178, 80, 112, 100, 55, 99, 25, 61, 131, 4, 196, 66, 116, 39, 197, 169, 52, 69, 148, 38, 189, 188, 9, 141, 0, 94, 31, 166, 174, 58, 75, 7, 98, 96, 90]
[128, 27, 157, 92, 121, 72, 84, 10, 2, 28, 135, 97, 173, 11, 160, 70, 106, 89, 20, 122, 67, 110, 193, 68, 149, 133, 180, 48, 85, 137, 165, 107, 151, 37, 19, 79, 29, 74, 126, 123, 64, 71, 36, 183, 140, 187, 78, 178, 80, 112, 100, 55, 99, 25, 61, 131, 4, 196, 66, 116, 39, 197, 169, 52, 69, 148, 38, 189, 188, 9, 141, 0, 94, 31, 166, 174, 58, 75, 7, 98, 96, 90]
[128, 27, 157, 92, 121, 72, 84, 10, 2, 28, 135, 97, 173, 11, 160, 70, 106, 89, 20, 122, 67, 110, 193, 68, 149, 133, 180, 48, 85, 137, 165, 107, 151, 37, 19, 79, 29, 74, 126, 123, 64, 71, 36, 183, 140, 46, 187, 78, 178, 80, 112, 100, 55, 99, 25, 61, 131, 4, 196, 66, 116, 39, 197, 169, 52, 69, 148, 38, 189, 188, 9, 141, 0, 94, 31, 166, 174, 58, 75, 7, 98, 96, 90]
[128, 27, 157, 92, 121, 72, 84, 10, 2, 28, 135, 97, 173, 11, 160, 70, 106, 89, 20, 122, 67, 110, 193, 68, 149, 133, 180, 48, 85, 137, 165, 107, 151, 37, 19, 79, 29, 74, 126, 123, 64, 114, 71, 36, 183, 140, 46, 187, 78, 178, 80, 112, 100, 55, 99, 25, 61, 131, 4, 196, 66, 116, 39, 197, 169, 52, 69, 148, 38, 189, 188, 9, 141, 0, 94, 31, 166, 174, 58, 75, 7, 98, 96, 90]
[128, 27, 157, 92, 121, 72, 84, 10, 2, 28, 135, 97, 173, 11, 160, 70, 106, 89, 20, 122, 67, 110, 193, 68, 149, 133, 180, 48, 85, 137, 165, 107, 151, 37, 19, 79, 29, 74, 126, 123, 64, 172, 114, 71, 36, 183, 140, 46, 187, 78, 178, 80, 112, 100, 55, 99, 25, 61, 131, 4, 196, 66, 116, 39, 197, 169, 52, 69, 148, 38, 189, 188, 9, 141, 0, 94, 31, 166, 174, 58, 75, 7, 98, 96, 90]
[128, 27, 157, 92, 121, 72, 84, 10, 2, 28, 135, 97, 173, 11, 160, 70, 106, 89, 20, 122, 67, 110, 193, 68, 149, 133, 180, 48, 85, 137, 165, 107, 151, 37, 19, 79, 29, 74, 126, 123, 64, 172, 138, 114, 71, 36, 183, 140, 46, 187, 78, 178, 80, 112, 100, 55, 99, 25, 61, 131, 4, 196, 66, 116, 39, 197, 169, 52, 69, 148, 38, 189, 188, 9, 141, 0, 94, 31, 166, 174, 58, 75, 7, 98, 96, 90]
[128, 27, 157, 92, 121, 72, 84, 10, 2, 28, 135, 97, 173, 11, 160, 70, 106, 89, 20, 122, 67, 110, 193, 68, 149, 133, 180, 48, 85, 137, 165, 107, 151, 37, 19, 79, 29, 74, 126, 123, 64, 172, 138, 190, 114, 71, 36, 183, 140, 46, 187, 78, 178, 80, 112, 100, 55, 99, 25, 61, 131, 4, 196, 66, 116, 39, 197, 169, 52, 69, 148, 38, 189, 188, 9, 141, 0, 94, 31, 166, 174, 58, 75, 7, 98, 96, 90]
[128, 27, 157, 92, 121, 72, 84, 10, 2, 28, 135, 97, 173, 11, 160, 70, 106, 89, 20, 122, 67, 110, 193, 68, 149, 133, 180, 48, 85, 137, 165, 107, 151, 37, 19, 79, 29, 74, 126, 123, 64, 172, 138, 190, 153, 114, 71, 36, 183, 140, 46, 187, 78, 178, 80, 112, 100, 55, 99, 25, 61, 131, 4, 196, 66, 116, 39, 197, 169, 52, 69, 148, 38, 189, 188, 9, 141, 0, 94, 31, 166, 174, 58, 75, 7, 98, 96, 90]
[128, 27, 157, 92, 121, 72, 84, 10, 2, 28, 135, 97, 173, 11, 160, 70, 106, 89, 20, 122, 67, 110, 193, 68, 149, 133, 180, 48, 85, 137, 165, 107, 151, 37, 19, 79, 29, 74, 126, 123, 64, 172, 138, 190, 153, 53, 114, 71, 36, 183, 140, 46, 187, 78, 178, 80, 112, 100, 55, 99, 25, 61, 131, 4, 196, 66, 116, 39, 197, 169, 52, 69, 148, 38, 189, 188, 9, 141, 0, 94, 31, 166, 174, 58, 75, 7, 98, 96, 90]
[128, 27, 157, 92, 121, 72, 84, 10, 2, 28, 135, 97, 173, 11, 160, 70, 106, 89, 20, 122, 67, 110, 193, 68, 149, 133, 180, 48, 85, 137, 165, 107, 151, 37, 19, 79, 29, 74, 126, 123, 64, 172, 138, 190, 153, 162, 53, 114, 71, 36, 183, 140, 46, 187, 78, 178, 80, 112, 100, 55, 99, 25, 61, 131, 4, 196, 66, 116, 39, 197, 169, 52, 69, 148, 38, 189, 188, 9, 141, 0, 94, 31, 166, 174, 58, 75, 7, 98, 96, 90]
[128, 27, 157, 92, 121, 72, 84, 10, 2, 28, 135, 97, 173, 11, 160, 70, 106, 89, 20, 122, 67, 110, 193, 68, 149, 133, 180, 48, 85, 137, 165, 107, 151, 37, 19, 79, 29, 74, 126, 123, 64, 172, 138, 190, 153, 115, 162, 53, 114, 71, 36, 183, 140, 46, 187, 78, 178, 80, 112, 100, 55, 99, 25, 61, 131, 4, 196, 66, 116, 39, 197, 169, 52, 69, 148, 38, 189, 188, 9, 141, 0, 94, 31, 166, 174, 58, 75, 7, 98, 96, 90]
[128, 27, 157, 92, 121, 72, 84, 10, 2, 28, 135, 97, 173, 11, 160, 70, 106, 89, 20, 122, 67, 110, 193, 68, 149, 133, 180, 48, 85, 137, 165, 107, 151, 37, 19, 79, 29, 74, 126, 123, 64, 172, 138, 190, 153, 115, 51, 162, 53, 114, 71, 36, 183, 140, 46, 187, 78, 178, 80, 112, 100, 55, 99, 25, 61, 131, 4, 196, 66, 116, 39, 197, 169, 52, 69, 148, 38, 189, 188, 9, 141, 0, 94, 31, 166, 174, 58, 75, 7, 98, 96, 90]
[128, 27, 157, 92, 121, 72, 84, 10, 2, 28, 135, 97, 173, 11, 160, 70, 106, 89, 20, 122, 67, 110, 193, 68, 149, 133, 180, 48, 85, 137, 165, 107, 151, 37, 19, 79, 29, 74, 126, 123, 64, 172, 138, 190, 153, 176, 115, 51, 162, 53, 114, 71, 36, 183, 140, 46, 187, 78, 178, 80, 112, 100, 55, 99, 25, 61, 131, 4, 196, 66, 116, 39, 197, 169, 52, 69, 148, 38, 189, 188, 9, 141, 0, 94, 31, 166, 174, 58, 75, 7, 98, 96, 90]
[128, 27, 157, 92, 121, 72, 84, 10, 2, 28, 135, 97, 173, 11, 160, 70, 106, 89, 20, 122, 67, 110, 193, 68, 149, 133, 180, 48, 85, 137, 165, 107, 151, 37, 19, 79, 29, 74, 126, 123, 64, 172, 138, 190, 153, 142, 176, 115, 51, 162, 53, 114, 71, 36, 183, 140, 46, 187, 78, 178, 80, 112, 100, 55, 99, 25, 61, 131, 4, 196, 66, 116, 39, 197, 169, 52, 69, 148, 38, 189, 188, 9, 141, 0, 94, 31, 166, 174, 58, 75, 7, 98, 96, 90]
[128, 27, 157, 92, 121, 72, 84, 10, 2, 28, 135, 97, 173, 11, 160, 70, 106, 89, 20, 122, 67, 110, 193, 68, 149, 133, 180, 48, 85, 137, 165, 107, 151, 37, 19, 79, 29, 74, 126, 123, 64, 172, 138, 190, 153, 142, 176, 115, 51, 162, 53, 114, 168, 71, 36, 183, 140, 46, 187, 78, 178, 80, 112, 100, 55, 99, 25, 61, 131, 4, 196, 66, 116, 39, 197, 169, 52, 69, 148, 38, 189, 188, 9, 141, 0, 94, 31, 166, 174, 58, 75, 7, 98, 96, 90]
[128, 27, 157, 92, 121, 72, 84, 10, 2, 28, 135, 97, 173, 11, 160, 70, 106, 89, 20, 122, 67, 110, 193, 68, 149, 133, 180, 48, 85, 137, 165, 107, 151, 37, 19, 79, 29, 74, 126, 123, 64, 172, 138, 190, 153, 142, 176, 115, 51, 162, 53, 114, 57, 168, 71, 36, 183, 140, 46, 187, 78, 178, 80, 112, 100, 55, 99, 25, 61, 131, 4, 196, 66, 116, 39, 197, 169, 52, 69, 148, 38, 189, 188, 9, 141, 0, 94, 31, 166, 174, 58, 75, 7, 98, 96, 90]
[128, 27, 157, 92, 121, 72, 84, 10, 2, 28, 135, 97, 173, 11, 160, 70, 106, 89, 20, 122, 67, 110, 193, 68, 149, 133, 180, 48, 85, 137, 165, 107, 151, 37, 19, 79, 29, 74, 126, 123, 64, 172, 138, 190, 153, 142, 176, 115, 51, 162, 53, 114, 57, 83, 168, 71, 36, 183, 140, 46, 187, 78, 178, 80, 112, 100, 55, 99, 25, 61, 131, 4, 196, 66, 116, 39, 197, 169, 52, 69, 148, 38, 189, 188, 9, 141, 0, 94, 31, 166, 174, 58, 75, 7, 98, 96, 90]
[128, 27, 157, 92, 121, 72, 84, 10, 2, 28, 135, 97, 173, 11, 160, 70, 106, 89, 20, 122, 67, 110, 193, 68, 149, 133, 180, 48, 85, 137, 165, 107, 151, 37, 19, 79, 29, 74, 126, 123, 64, 172, 138, 190, 153, 142, 176, 115, 51, 162, 53, 114, 57, 83, 6, 168, 71, 36, 183, 140, 46, 187, 78, 178, 80, 112, 100, 55, 99, 25, 61, 131, 4, 196, 66, 116, 39, 197, 169, 52, 69, 148, 38, 189, 188, 9, 141, 0, 94, 31, 166, 174, 58, 75, 7, 98, 96, 90]
[128, 27, 157, 92, 121, 72, 84, 10, 2, 28, 135, 97, 173, 11, 160, 70, 106, 89, 20, 122, 67, 110, 193, 68, 149, 133, 180, 48, 85, 137, 165, 107, 151, 37, 19, 79, 29, 74, 126, 123, 64, 172, 138, 190, 153, 142, 176, 115, 51, 162, 53, 114, 57, 83, 6, 33, 168, 71, 36, 183, 140, 46, 187, 78, 178, 80, 112, 100, 55, 99, 25, 61, 131, 4, 196, 66, 116, 39, 197, 169, 52, 69, 148, 38, 189, 188, 9, 141, 0, 94, 31, 166, 174, 58, 75, 7, 98, 96, 90]
[128, 27, 157, 92, 121, 72, 84, 10, 2, 28, 135, 97, 173, 11, 160, 70, 106, 89, 20, 122, 67, 110, 193, 68, 149, 133, 180, 48, 85, 137, 165, 107, 151, 37, 19, 79, 29, 74, 126, 123, 64, 172, 138, 190, 153, 142, 176, 115, 51, 162, 53, 114, 57, 83, 6, 56, 33, 168, 71, 36, 183, 140, 46, 187, 78, 178, 80, 112, 100, 55, 99, 25, 61, 131, 4, 196, 66, 116, 39, 197, 169, 52, 69, 148, 38, 189, 188, 9, 141, 0, 94, 31, 166, 174, 58, 75, 7, 98, 96, 90]
[128, 27, 157, 92, 121, 72, 84, 10, 2, 28, 135, 97, 173, 11, 160, 70, 106, 89, 20, 122, 67, 110, 193, 68, 149, 133, 180, 48, 85, 137, 165, 107, 151, 37, 19, 79, 29, 74, 126, 123, 64, 172, 138, 190, 153, 142, 176, 115, 51, 162, 53, 114, 57, 83, 6, 56, 93, 33, 168, 71, 36, 183, 140, 46, 187, 78, 178, 80, 112, 100, 55, 99, 25, 61, 131, 4, 196, 66, 116, 39, 197, 169, 52, 69, 148, 38, 189, 188, 9, 141, 0, 94, 31, 166, 174, 58, 75, 7, 98, 96, 90]
[128, 27, 157, 92, 121, 72, 84, 10, 2, 28, 135, 97, 173, 11, 160, 70, 106, 89, 20, 122, 67, 110, 193, 68, 149, 133, 180, 48, 85, 137, 165, 107, 151, 37, 19, 79, 29, 74, 126, 123, 64, 172, 138, 190, 153, 142, 176, 115, 51, 162, 53, 114, 57, 83, 6, 56, 93, 179, 33, 168, 71, 36, 183, 140, 46, 187, 78, 178, 80, 112, 100, 55, 99, 25, 61, 131, 4, 196, 66, 116, 39, 197, 169, 52, 69, 148, 38, 189, 188, 9, 141, 0, 94, 31, 166, 174, 58, 75, 7, 98, 96, 90]
[128, 27, 157, 92, 121, 72, 84, 10, 2, 28, 135, 97, 173, 11, 160, 70, 106, 89, 20, 122, 67, 110, 193, 68, 149, 133, 180, 48, 85, 137, 165, 107, 151, 37, 19, 79, 29, 74, 126, 123, 64, 172, 138, 190, 153, 142, 176, 115, 51, 162, 53, 114, 57, 83, 6, 56, 93, 179, 175, 33, 168, 71, 36, 183, 140, 46, 187, 78, 178, 80, 112, 100, 55, 99, 25, 61, 131, 4, 196, 66, 116, 39, 197, 169, 52, 69, 148, 38, 189, 188, 9, 141, 0, 94, 31, 166, 174, 58, 75, 7, 98, 96, 90]
[128, 27, 157, 92, 121, 72, 84, 10, 2, 28, 135, 97, 173, 11, 160, 70, 106, 89, 20, 122, 67, 110, 193, 68, 149, 133, 180, 48, 85, 137, 165, 107, 151, 37, 19, 79, 29, 74, 126, 123, 64, 172, 138, 190, 153, 142, 176, 115, 51, 162, 53, 114, 57, 83, 6, 56, 93, 179, 175, 26, 33, 168, 71, 36, 183, 140, 46, 187, 78, 178, 80, 112, 100, 55, 99, 25, 61, 131, 4, 196, 66, 116, 39, 197, 169, 52, 69, 148, 38, 189, 188, 9, 141, 0, 94, 31, 166, 174, 58, 75, 7, 98, 96, 90]
[128, 27, 157, 92, 121, 72, 84, 10, 2, 28, 135, 97, 173, 11, 160, 70, 106, 89, 20, 122, 67, 110, 193, 68, 149, 133, 180, 48, 85, 137, 165, 107, 151, 37, 19, 79, 29, 74, 126, 123, 64, 172, 138, 190, 153, 142, 176, 115, 51, 162, 53, 114, 57, 83, 6, 56, 93, 179, 175, 60, 26, 33, 168, 71, 36, 183, 140, 46, 187, 78, 178, 80, 112, 100, 55, 99, 25, 61, 131, 4, 196, 66, 116, 39, 197, 169, 52, 69, 148, 38, 189, 188, 9, 141, 0, 94, 31, 166, 174, 58, 75, 7, 98, 96, 90]
[128, 27, 157, 92, 121, 72, 84, 10, 2, 28, 135, 97, 173, 11, 160, 70, 106, 89, 20, 122, 67, 110, 193, 68, 149, 133, 180, 48, 85, 137, 165, 107, 151, 37, 19, 79, 29, 74, 126, 123, 64, 172, 138, 190, 153, 142, 176, 115, 51, 162, 53, 114, 57, 83, 6, 56, 93, 179, 175, 60, 34, 26, 33, 168, 71, 36, 183, 140, 46, 187, 78, 178, 80, 112, 100, 55, 99, 25, 61, 131, 4, 196, 66, 116, 39, 197, 169, 52, 69, 148, 38, 189, 188, 9, 141, 0, 94, 31, 166, 174, 58, 75, 7, 98, 96, 90]
[128, 27, 157, 92, 121, 72, 84, 10, 2, 28, 135, 97, 173, 11, 160, 70, 106, 89, 20, 122, 67, 110, 193, 68, 149, 133, 180, 48, 85, 137, 165, 107, 151, 37, 19, 79, 29, 74, 126, 123, 64, 172, 138, 190, 153, 142, 176, 115, 51, 162, 53, 114, 57, 83, 6, 56, 93, 179, 175, 60, 171, 34, 26, 33, 168, 71, 36, 183, 140, 46, 187, 78, 178, 80, 112, 100, 55, 99, 25, 61, 131, 4, 196, 66, 116, 39, 197, 169, 52, 69, 148, 38, 189, 188, 9, 141, 0, 94, 31, 166, 174, 58, 75, 7, 98, 96, 90]
[128, 27, 157, 92, 121, 72, 84, 10, 2, 28, 135, 97, 173, 11, 160, 70, 106, 89, 20, 122, 67, 110, 193, 68, 149, 133, 180, 48, 85, 137, 165, 107, 151, 37, 19, 79, 29, 74, 126, 123, 64, 172, 138, 190, 153, 142, 176, 115, 51, 162, 53, 114, 57, 83, 6, 56, 93, 179, 175, 60, 156, 171, 34, 26, 33, 168, 71, 36, 183, 140, 46, 187, 78, 178, 80, 112, 100, 55, 99, 25, 61, 131, 4, 196, 66, 116, 39, 197, 169, 52, 69, 148, 38, 189, 188, 9, 141, 0, 94, 31, 166, 174, 58, 75, 7, 98, 96, 90]
[128, 27, 157, 92, 121, 72, 84, 10, 2, 28, 135, 97, 173, 11, 160, 70, 106, 89, 20, 122, 67, 110, 193, 68, 149, 133, 180, 48, 85, 137, 165, 107, 151, 37, 19, 79, 29, 74, 126, 123, 64, 172, 138, 190, 153, 142, 176, 115, 51, 162, 53, 114, 57, 83, 6, 56, 93, 179, 175, 60, 130, 156, 171, 34, 26, 33, 168, 71, 36, 183, 140, 46, 187, 78, 178, 80, 112, 100, 55, 99, 25, 61, 131, 4, 196, 66, 116, 39, 197, 169, 52, 69, 148, 38, 189, 188, 9, 141, 0, 94, 31, 166, 174, 58, 75, 7, 98, 96, 90]
[128, 27, 157, 92, 121, 72, 84, 10, 2, 28, 135, 97, 173, 11, 160, 70, 106, 89, 20, 122, 67, 110, 193, 68, 149, 133, 180, 48, 85, 137, 165, 107, 151, 37, 19, 79, 29, 74, 126, 123, 64, 172, 138, 190, 153, 142, 176, 115, 51, 162, 53, 114, 57, 83, 6, 56, 93, 179, 175, 60, 130, 198, 156, 171, 34, 26, 33, 168, 71, 36, 183, 140, 46, 187, 78, 178, 80, 112, 100, 55, 99, 25, 61, 131, 4, 196, 66, 116, 39, 197, 169, 52, 69, 148, 38, 189, 188, 9, 141, 0, 94, 31, 166, 174, 58, 75, 7, 98, 96, 90]
[128, 27, 157, 92, 121, 72, 84, 10, 2, 28, 135, 97, 173, 11, 160, 70, 106, 89, 20, 122, 67, 110, 193, 68, 149, 133, 180, 48, 85, 137, 165, 107, 151, 37, 19, 79, 29, 74, 126, 123, 64, 172, 138, 190, 153, 142, 176, 115, 51, 162, 53, 114, 57, 83, 6, 56, 93, 179, 175, 60, 177, 130, 198, 156, 171, 34, 26, 33, 168, 71, 36, 183, 140, 46, 187, 78, 178, 80, 112, 100, 55, 99, 25, 61, 131, 4, 196, 66, 116, 39, 197, 169, 52, 69, 148, 38, 189, 188, 9, 141, 0, 94, 31, 166, 174, 58, 75, 7, 98, 96, 90]
[128, 27, 157, 92, 121, 72, 84, 10, 2, 28, 135, 97, 173, 11, 160, 70, 106, 89, 20, 122, 67, 110, 193, 68, 149, 133, 180, 48, 85, 137, 165, 107, 151, 37, 19, 79, 29, 74, 126, 123, 64, 172, 138, 190, 153, 142, 176, 115, 51, 162, 53, 114, 57, 83, 6, 56, 93, 179, 175, 60, 177, 130, 198, 156, 171, 34, 26, 8, 33, 168, 71, 36, 183, 140, 46, 187, 78, 178, 80, 112, 100, 55, 99, 25, 61, 131, 4, 196, 66, 116, 39, 197, 169, 52, 69, 148, 38, 189, 188, 9, 141, 0, 94, 31, 166, 174, 58, 75, 7, 98, 96, 90]
[128, 27, 157, 92, 121, 72, 84, 10, 2, 28, 135, 97, 173, 11, 160, 70, 106, 89, 20, 122, 67, 110, 193, 68, 149, 133, 180, 48, 85, 137, 165, 107, 151, 37, 19, 79, 29, 74, 126, 123, 64, 172, 138, 190, 153, 142, 176, 115, 51, 162, 53, 114, 57, 83, 6, 56, 93, 179, 175, 60, 177, 130, 198, 156, 171, 34, 26, 8, 24, 33, 168, 71, 36, 183, 140, 46, 187, 78, 178, 80, 112, 100, 55, 99, 25, 61, 131, 4, 196, 66, 116, 39, 197, 169, 52, 69, 148, 38, 189, 188, 9, 141, 0, 94, 31, 166, 174, 58, 75, 7, 98, 96, 90]
[128, 27, 157, 92, 121, 72, 84, 10, 2, 28, 135, 97, 173, 11, 160, 70, 106, 89, 20, 122, 67, 110, 193, 68, 149, 133, 180, 48, 85, 137, 165, 107, 151, 37, 19, 79, 29, 74, 126, 123, 64, 172, 138, 190, 153, 142, 176, 115, 51, 162, 53, 114, 57, 83, 6, 56, 93, 179, 175, 60, 177, 130, 198, 156, 171, 34, 26, 8, 45, 24, 33, 168, 71, 36, 183, 140, 46, 187, 78, 178, 80, 112, 100, 55, 99, 25, 61, 131, 4, 196, 66, 116, 39, 197, 169, 52, 69, 148, 38, 189, 188, 9, 141, 0, 94, 31, 166, 174, 58, 75, 7, 98, 96, 90]
[128, 27, 157, 92, 121, 72, 84, 10, 2, 28, 135, 97, 173, 11, 160, 70, 106, 89, 20, 122, 67, 110, 193, 68, 149, 133, 180, 48, 85, 137, 165, 107, 151, 37, 19, 79, 29, 74, 126, 123, 64, 172, 138, 190, 153, 142, 176, 115, 51, 162, 53, 114, 57, 83, 6, 56, 93, 179, 175, 60, 177, 130, 198, 156, 171, 34, 26, 8, 45, 145, 24, 33, 168, 71, 36, 183, 140, 46, 187, 78, 178, 80, 112, 100, 55, 99, 25, 61, 131, 4, 196, 66, 116, 39, 197, 169, 52, 69, 148, 38, 189, 188, 9, 141, 0, 94, 31, 166, 174, 58, 75, 7, 98, 96, 90]
[128, 27, 157, 92, 121, 72, 84, 10, 2, 28, 135, 97, 173, 11, 160, 70, 106, 89, 20, 122, 67, 110, 193, 68, 149, 133, 180, 48, 85, 137, 165, 107, 151, 37, 19, 79, 29, 74, 126, 123, 64, 172, 138, 190, 153, 142, 176, 163, 115, 51, 162, 53, 114, 57, 83, 6, 56, 93, 179, 175, 60, 177, 130, 198, 156, 171, 34, 26, 8, 45, 145, 24, 33, 168, 71, 36, 183, 140, 46, 187, 78, 178, 80, 112, 100, 55, 99, 25, 61, 131, 4, 196, 66, 116, 39, 197, 169, 52, 69, 148, 38, 189, 188, 9, 141, 0, 94, 31, 166, 174, 58, 75, 7, 98, 96, 90]
[128, 27, 157, 92, 121, 72, 84, 10, 2, 28, 135, 97, 173, 11, 160, 70, 106, 89, 20, 122, 67, 110, 193, 68, 149, 133, 180, 48, 85, 137, 165, 107, 151, 37, 19, 79, 29, 74, 126, 123, 64, 172, 138, 190, 153, 142, 176, 163, 42, 115, 51, 162, 53, 114, 57, 83, 6, 56, 93, 179, 175, 60, 177, 130, 198, 156, 171, 34, 26, 8, 45, 145, 24, 33, 168, 71, 36, 183, 140, 46, 187, 78, 178, 80, 112, 100, 55, 99, 25, 61, 131, 4, 196, 66, 116, 39, 197, 169, 52, 69, 148, 38, 189, 188, 9, 141, 0, 94, 31, 166, 174, 58, 75, 7, 98, 96, 90]
[128, 27, 157, 92, 121, 72, 84, 10, 2, 28, 135, 97, 173, 11, 160, 70, 106, 89, 20, 122, 67, 110, 193, 68, 149, 133, 180, 48, 85, 137, 165, 107, 151, 37, 19, 79, 29, 74, 126, 123, 64, 172, 138, 190, 153, 142, 176, 163, 184, 42, 115, 51, 162, 53, 114, 57, 83, 6, 56, 93, 179, 175, 60, 177, 130, 198, 156, 171, 34, 26, 8, 45, 145, 24, 33, 168, 71, 36, 183, 140, 46, 187, 78, 178, 80, 112, 100, 55, 99, 25, 61, 131, 4, 196, 66, 116, 39, 197, 169, 52, 69, 148, 38, 189, 188, 9, 141, 0, 94, 31, 166, 174, 58, 75, 7, 98, 96, 90]
[128, 27, 157, 92, 121, 72, 84, 10, 2, 28, 135, 97, 173, 11, 160, 70, 106, 89, 20, 122, 67, 110, 193, 68, 149, 133, 180, 48, 85, 137, 165, 107, 151, 37, 19, 79, 29, 74, 126, 123, 64, 172, 138, 190, 153, 142, 176, 163, 49, 184, 42, 115, 51, 162, 53, 114, 57, 83, 6, 56, 93, 179, 175, 60, 177, 130, 198, 156, 171, 34, 26, 8, 45, 145, 24, 33, 168, 71, 36, 183, 140, 46, 187, 78, 178, 80, 112, 100, 55, 99, 25, 61, 131, 4, 196, 66, 116, 39, 197, 169, 52, 69, 148, 38, 189, 188, 9, 141, 0, 94, 31, 166, 174, 58, 75, 7, 98, 96, 90]
[128, 27, 157, 92, 121, 72, 84, 10, 2, 28, 135, 97, 173, 11, 160, 70, 106, 89, 20, 122, 67, 110, 193, 68, 149, 133, 180, 48, 85, 137, 165, 107, 151, 37, 19, 79, 29, 74, 126, 123, 64, 172, 138, 190, 153, 142, 176, 163, 49, 158, 184, 42, 115, 51, 162, 53, 114, 57, 83, 6, 56, 93, 179, 175, 60, 177, 130, 198, 156, 171, 34, 26, 8, 45, 145, 24, 33, 168, 71, 36, 183, 140, 46, 187, 78, 178, 80, 112, 100, 55, 99, 25, 61, 131, 4, 196, 66, 116, 39, 197, 169, 52, 69, 148, 38, 189, 188, 9, 141, 0, 94, 31, 166, 174, 58, 75, 7, 98, 96, 90]
[128, 27, 157, 92, 121, 72, 84, 10, 2, 28, 135, 97, 173, 11, 160, 70, 106, 89, 20, 122, 67, 110, 193, 68, 149, 133, 180, 48, 85, 137, 165, 107, 151, 37, 19, 79, 29, 74, 126, 123, 64, 172, 138, 190, 153, 142, 176, 163, 49, 158, 184, 42, 195, 115, 51, 162, 53, 114, 57, 83, 6, 56, 93, 179, 175, 60, 177, 130, 198, 156, 171, 34, 26, 8, 45, 145, 24, 33, 168, 71, 36, 183, 140, 46, 187, 78, 178, 80, 112, 100, 55, 99, 25, 61, 131, 4, 196, 66, 116, 39, 197, 169, 52, 69, 148, 38, 189, 188, 9, 141, 0, 94, 31, 166, 174, 58, 75, 7, 98, 96, 90]
[128, 27, 157, 92, 121, 72, 84, 10, 2, 28, 135, 97, 173, 11, 160, 70, 106, 89, 20, 122, 67, 110, 193, 68, 149, 133, 180, 48, 85, 137, 165, 107, 151, 37, 19, 79, 29, 74, 126, 123, 64, 172, 138, 190, 153, 142, 176, 163, 49, 158, 184, 42, 185, 195, 115, 51, 162, 53, 114, 57, 83, 6, 56, 93, 179, 175, 60, 177, 130, 198, 156, 171, 34, 26, 8, 45, 145, 24, 33, 168, 71, 36, 183, 140, 46, 187, 78, 178, 80, 112, 100, 55, 99, 25, 61, 131, 4, 196, 66, 116, 39, 197, 169, 52, 69, 148, 38, 189, 188, 9, 141, 0, 94, 31, 166, 174, 58, 75, 7, 98, 96, 90]
[128, 27, 157, 92, 121, 72, 84, 10, 2, 28, 135, 97, 173, 11, 160, 70, 106, 89, 20, 122, 67, 110, 193, 68, 149, 133, 180, 48, 85, 137, 165, 107, 151, 37, 19, 79, 29, 74, 126, 123, 64, 172, 138, 190, 153, 142, 176, 163, 49, 158, 184, 42, 88, 185, 195, 115, 51, 162, 53, 114, 57, 83, 6, 56, 93, 179, 175, 60, 177, 130, 198, 156, 171, 34, 26, 8, 45, 145, 24, 33, 168, 71, 36, 183, 140, 46, 187, 78, 178, 80, 112, 100, 55, 99, 25, 61, 131, 4, 196, 66, 116, 39, 197, 169, 52, 69, 148, 38, 189, 188, 9, 141, 0, 94, 31, 166, 174, 58, 75, 7, 98, 96, 90]
[128, 27, 157, 92, 121, 72, 84, 10, 2, 28, 135, 97, 173, 11, 160, 70, 106, 89, 20, 122, 67, 110, 193, 68, 149, 133, 180, 48, 85, 137, 165, 107, 151, 37, 19, 79, 29, 74, 126, 123, 64, 172, 138, 190, 153, 142, 176, 163, 49, 158, 117, 184, 42, 88, 185, 195, 115, 51, 162, 53, 114, 57, 83, 6, 56, 93, 179, 175, 60, 177, 130, 198, 156, 171, 34, 26, 8, 45, 145, 24, 33, 168, 71, 36, 183, 140, 46, 187, 78, 178, 80, 112, 100, 55, 99, 25, 61, 131, 4, 196, 66, 116, 39, 197, 169, 52, 69, 148, 38, 189, 188, 9, 141, 0, 94, 31, 166, 174, 58, 75, 7, 98, 96, 90]
[128, 27, 157, 92, 121, 72, 84, 10, 2, 28, 135, 97, 173, 11, 160, 70, 106, 89, 20, 122, 67, 110, 193, 68, 149, 133, 180, 48, 85, 137, 165, 107, 151, 37, 19, 79, 29, 74, 126, 123, 64, 172, 138, 190, 153, 142, 176, 163, 49, 158, 105, 117, 184, 42, 88, 185, 195, 115, 51, 162, 53, 114, 57, 83, 6, 56, 93, 179, 175, 60, 177, 130, 198, 156, 171, 34, 26, 8, 45, 145, 24, 33, 168, 71, 36, 183, 140, 46, 187, 78, 178, 80, 112, 100, 55, 99, 25, 61, 131, 4, 196, 66, 116, 39, 197, 169, 52, 69, 148, 38, 189, 188, 9, 141, 0, 94, 31, 166, 174, 58, 75, 7, 98, 96, 90]
[128, 27, 157, 92, 121, 72, 84, 10, 2, 28, 135, 97, 173, 11, 160, 70, 106, 89, 20, 122, 67, 110, 193, 68, 149, 133, 180, 48, 85, 137, 165, 107, 151, 37, 19, 79, 29, 74, 126, 123, 64, 172, 138, 190, 153, 142, 176, 163, 49, 158, 139, 105, 117, 184, 42, 88, 185, 195, 115, 51, 162, 53, 114, 57, 83, 6, 56, 93, 179, 175, 60, 177, 130, 198, 156, 171, 34, 26, 8, 45, 145, 24, 33, 168, 71, 36, 183, 140, 46, 187, 78, 178, 80, 112, 100, 55, 99, 25, 61, 131, 4, 196, 66, 116, 39, 197, 169, 52, 69, 148, 38, 189, 188, 9, 141, 0, 94, 31, 166, 174, 58, 75, 7, 98, 96, 90]
[128, 27, 157, 92, 121, 72, 84, 10, 2, 28, 135, 97, 173, 11, 160, 70, 106, 89, 20, 122, 67, 110, 193, 68, 149, 133, 180, 48, 85, 137, 165, 107, 151, 37, 19, 79, 29, 74, 126, 123, 64, 172, 138, 190, 153, 142, 176, 163, 49, 158, 139, 182, 105, 117, 184, 42, 88, 185, 195, 115, 51, 162, 53, 114, 57, 83, 6, 56, 93, 179, 175, 60, 177, 130, 198, 156, 171, 34, 26, 8, 45, 145, 24, 33, 168, 71, 36, 183, 140, 46, 187, 78, 178, 80, 112, 100, 55, 99, 25, 61, 131, 4, 196, 66, 116, 39, 197, 169, 52, 69, 148, 38, 189, 188, 9, 141, 0, 94, 31, 166, 174, 58, 75, 7, 98, 96, 90]
[128, 27, 157, 92, 121, 72, 84, 10, 2, 28, 135, 97, 173, 11, 160, 70, 106, 89, 20, 122, 67, 110, 193, 68, 149, 133, 180, 48, 85, 137, 165, 107, 151, 37, 19, 79, 29, 74, 126, 123, 64, 172, 138, 190, 153, 142, 176, 163, 49, 158, 139, 102, 182, 105, 117, 184, 42, 88, 185, 195, 115, 51, 162, 53, 114, 57, 83, 6, 56, 93, 179, 175, 60, 177, 130, 198, 156, 171, 34, 26, 8, 45, 145, 24, 33, 168, 71, 36, 183, 140, 46, 187, 78, 178, 80, 112, 100, 55, 99, 25, 61, 131, 4, 196, 66, 116, 39, 197, 169, 52, 69, 148, 38, 189, 188, 9, 141, 0, 94, 31, 166, 174, 58, 75, 7, 98, 96, 90]
[128, 27, 157, 92, 121, 72, 84, 10, 2, 28, 135, 97, 173, 11, 160, 70, 106, 89, 20, 122, 67, 110, 193, 68, 149, 133, 180, 48, 85, 137, 165, 107, 151, 37, 19, 79, 29, 74, 126, 123, 64, 172, 138, 190, 153, 142, 176, 163, 49, 158, 139, 102, 182, 105, 117, 184, 42, 88, 59, 185, 195, 115, 51, 162, 53, 114, 57, 83, 6, 56, 93, 179, 175, 60, 177, 130, 198, 156, 171, 34, 26, 8, 45, 145, 24, 33, 168, 71, 36, 183, 140, 46, 187, 78, 178, 80, 112, 100, 55, 99, 25, 61, 131, 4, 196, 66, 116, 39, 197, 169, 52, 69, 148, 38, 189, 188, 9, 141, 0, 94, 31, 166, 174, 58, 75, 7, 98, 96, 90]
[128, 27, 157, 92, 121, 72, 84, 10, 2, 28, 135, 97, 173, 11, 160, 70, 106, 89, 20, 122, 67, 110, 193, 68, 149, 133, 180, 48, 85, 137, 165, 107, 151, 37, 19, 79, 29, 74, 126, 123, 64, 172, 138, 190, 153, 142, 176, 163, 49, 158, 139, 102, 182, 105, 117, 184, 42, 88, 164, 59, 185, 195, 115, 51, 162, 53, 114, 57, 83, 6, 56, 93, 179, 175, 60, 177, 130, 198, 156, 171, 34, 26, 8, 45, 145, 24, 33, 168, 71, 36, 183, 140, 46, 187, 78, 178, 80, 112, 100, 55, 99, 25, 61, 131, 4, 196, 66, 116, 39, 197, 169, 52, 69, 148, 38, 189, 188, 9, 141, 0, 94, 31, 166, 174, 58, 75, 7, 98, 96, 90]
[128, 27, 157, 92, 121, 72, 84, 10, 2, 28, 135, 97, 173, 11, 160, 70, 106, 89, 20, 122, 67, 110, 193, 68, 149, 133, 180, 48, 85, 137, 165, 107, 151, 37, 19, 79, 29, 74, 126, 123, 64, 172, 138, 190, 153, 142, 176, 163, 49, 158, 139, 102, 182, 105, 117, 184, 42, 88, 164, 73, 59, 185, 195, 115, 51, 162, 53, 114, 57, 83, 6, 56, 93, 179, 175, 60, 177, 130, 198, 156, 171, 34, 26, 8, 45, 145, 24, 33, 168, 71, 36, 183, 140, 46, 187, 78, 178, 80, 112, 100, 55, 99, 25, 61, 131, 4, 196, 66, 116, 39, 197, 169, 52, 69, 148, 38, 189, 188, 9, 141, 0, 94, 31, 166, 174, 58, 75, 7, 98, 96, 90]
[128, 27, 157, 92, 121, 72, 84, 10, 2, 28, 135, 97, 173, 11, 160, 70, 106, 89, 20, 122, 67, 110, 193, 68, 149, 133, 180, 48, 85, 137, 165, 107, 151, 37, 19, 79, 29, 74, 126, 123, 64, 172, 138, 190, 153, 142, 176, 163, 49, 158, 139, 102, 182, 105, 117, 184, 42, 88, 86, 164, 73, 59, 185, 195, 115, 51, 162, 53, 114, 57, 83, 6, 56, 93, 179, 175, 60, 177, 130, 198, 156, 171, 34, 26, 8, 45, 145, 24, 33, 168, 71, 36, 183, 140, 46, 187, 78, 178, 80, 112, 100, 55, 99, 25, 61, 131, 4, 196, 66, 116, 39, 197, 169, 52, 69, 148, 38, 189, 188, 9, 141, 0, 94, 31, 166, 174, 58, 75, 7, 98, 96, 90]
[128, 27, 157, 92, 121, 72, 84, 10, 2, 28, 135, 97, 173, 11, 160, 70, 106, 89, 20, 122, 67, 110, 193, 68, 149, 133, 180, 48, 85, 137, 165, 107, 151, 37, 19, 79, 29, 74, 126, 123, 64, 172, 138, 190, 153, 142, 176, 163, 49, 158, 139, 102, 182, 105, 117, 184, 42, 88, 86, 113, 164, 73, 59, 185, 195, 115, 51, 162, 53, 114, 57, 83, 6, 56, 93, 179, 175, 60, 177, 130, 198, 156, 171, 34, 26, 8, 45, 145, 24, 33, 168, 71, 36, 183, 140, 46, 187, 78, 178, 80, 112, 100, 55, 99, 25, 61, 131, 4, 196, 66, 116, 39, 197, 169, 52, 69, 148, 38, 189, 188, 9, 141, 0, 94, 31, 166, 174, 58, 75, 7, 98, 96, 90]
[128, 27, 157, 92, 121, 72, 84, 10, 2, 28, 135, 97, 173, 11, 160, 70, 106, 89, 20, 122, 67, 110, 193, 68, 149, 133, 180, 48, 85, 137, 165, 107, 151, 37, 19, 79, 29, 74, 126, 123, 64, 172, 138, 190, 153, 142, 176, 163, 49, 158, 139, 102, 182, 105, 117, 184, 42, 88, 86, 113, 167, 164, 73, 59, 185, 195, 115, 51, 162, 53, 114, 57, 83, 6, 56, 93, 179, 175, 60, 177, 130, 198, 156, 171, 34, 26, 8, 45, 145, 24, 33, 168, 71, 36, 183, 140, 46, 187, 78, 178, 80, 112, 100, 55, 99, 25, 61, 131, 4, 196, 66, 116, 39, 197, 169, 52, 69, 148, 38, 189, 188, 9, 141, 0, 94, 31, 166, 174, 58, 75, 7, 98, 96, 90]
[128, 27, 157, 92, 121, 72, 84, 10, 2, 28, 135, 97, 173, 11, 160, 70, 106, 89, 20, 122, 67, 110, 193, 68, 149, 133, 180, 48, 85, 137, 165, 107, 151, 37, 19, 79, 29, 74, 126, 123, 64, 172, 138, 190, 153, 142, 176, 163, 49, 158, 139, 102, 182, 105, 117, 184, 42, 88, 86, 113, 167, 132, 164, 73, 59, 185, 195, 115, 51, 162, 53, 114, 57, 83, 6, 56, 93, 179, 175, 60, 177, 130, 198, 156, 171, 34, 26, 8, 45, 145, 24, 33, 168, 71, 36, 183, 140, 46, 187, 78, 178, 80, 112, 100, 55, 99, 25, 61, 131, 4, 196, 66, 116, 39, 197, 169, 52, 69, 148, 38, 189, 188, 9, 141, 0, 94, 31, 166, 174, 58, 75, 7, 98, 96, 90]
[128, 27, 157, 92, 121, 72, 84, 10, 2, 28, 135, 97, 173, 11, 160, 70, 106, 89, 20, 122, 67, 110, 193, 68, 149, 133, 180, 48, 85, 137, 165, 107, 151, 37, 19, 79, 29, 74, 126, 123, 64, 172, 138, 190, 153, 142, 176, 163, 49, 158, 139, 102, 182, 105, 117, 184, 42, 88, 86, 113, 167, 132, 65, 164, 73, 59, 185, 195, 115, 51, 162, 53, 114, 57, 83, 6, 56, 93, 179, 175, 60, 177, 130, 198, 156, 171, 34, 26, 8, 45, 145, 24, 33, 168, 71, 36, 183, 140, 46, 187, 78, 178, 80, 112, 100, 55, 99, 25, 61, 131, 4, 196, 66, 116, 39, 197, 169, 52, 69, 148, 38, 189, 188, 9, 141, 0, 94, 31, 166, 174, 58, 75, 7, 98, 96, 90]
[128, 27, 157, 92, 121, 72, 84, 10, 2, 28, 135, 97, 173, 11, 160, 70, 106, 89, 20, 122, 67, 110, 193, 68, 149, 133, 180, 48, 85, 137, 165, 107, 151, 37, 19, 79, 29, 74, 126, 123, 64, 172, 138, 190, 153, 142, 176, 163, 49, 158, 139, 102, 182, 105, 117, 184, 42, 88, 86, 113, 167, 132, 65, 144, 164, 73, 59, 185, 195, 115, 51, 162, 53, 114, 57, 83, 6, 56, 93, 179, 175, 60, 177, 130, 198, 156, 171, 34, 26, 8, 45, 145, 24, 33, 168, 71, 36, 183, 140, 46, 187, 78, 178, 80, 112, 100, 55, 99, 25, 61, 131, 4, 196, 66, 116, 39, 197, 169, 52, 69, 148, 38, 189, 188, 9, 141, 0, 94, 31, 166, 174, 58, 75, 7, 98, 96, 90]
[128, 27, 157, 92, 121, 72, 84, 10, 2, 28, 135, 97, 173, 11, 160, 70, 106, 89, 20, 122, 67, 110, 193, 68, 149, 133, 180, 48, 85, 137, 165, 107, 151, 37, 19, 79, 29, 74, 126, 123, 64, 172, 138, 190, 153, 142, 176, 163, 49, 158, 139, 102, 76, 182, 105, 117, 184, 42, 88, 86, 113, 167, 132, 65, 144, 164, 73, 59, 185, 195, 115, 51, 162, 53, 114, 57, 83, 6, 56, 93, 179, 175, 60, 177, 130, 198, 156, 171, 34, 26, 8, 45, 145, 24, 33, 168, 71, 36, 183, 140, 46, 187, 78, 178, 80, 112, 100, 55, 99, 25, 61, 131, 4, 196, 66, 116, 39, 197, 169, 52, 69, 148, 38, 189, 188, 9, 141, 0, 94, 31, 166, 174, 58, 75, 7, 98, 96, 90]
[128, 27, 157, 92, 121, 72, 84, 10, 2, 28, 135, 97, 173, 11, 160, 70, 106, 89, 20, 122, 67, 110, 193, 68, 149, 133, 180, 48, 85, 137, 165, 107, 151, 37, 19, 79, 29, 74, 126, 123, 64, 172, 138, 190, 153, 142, 176, 163, 49, 158, 139, 102, 76, 104, 182, 105, 117, 184, 42, 88, 86, 113, 167, 132, 65, 144, 164, 73, 59, 185, 195, 115, 51, 162, 53, 114, 57, 83, 6, 56, 93, 179, 175, 60, 177, 130, 198, 156, 171, 34, 26, 8, 45, 145, 24, 33, 168, 71, 36, 183, 140, 46, 187, 78, 178, 80, 112, 100, 55, 99, 25, 61, 131, 4, 196, 66, 116, 39, 197, 169, 52, 69, 148, 38, 189, 188, 9, 141, 0, 94, 31, 166, 174, 58, 75, 7, 98, 96, 90]
[128, 27, 157, 92, 121, 72, 84, 10, 2, 28, 135, 97, 173, 11, 160, 70, 106, 89, 20, 122, 67, 110, 193, 68, 149, 133, 180, 48, 85, 137, 165, 107, 151, 37, 19, 79, 29, 74, 126, 123, 64, 172, 138, 190, 153, 142, 176, 163, 49, 158, 139, 102, 76, 104, 15, 182, 105, 117, 184, 42, 88, 86, 113, 167, 132, 65, 144, 164, 73, 59, 185, 195, 115, 51, 162, 53, 114, 57, 83, 6, 56, 93, 179, 175, 60, 177, 130, 198, 156, 171, 34, 26, 8, 45, 145, 24, 33, 168, 71, 36, 183, 140, 46, 187, 78, 178, 80, 112, 100, 55, 99, 25, 61, 131, 4, 196, 66, 116, 39, 197, 169, 52, 69, 148, 38, 189, 188, 9, 141, 0, 94, 31, 166, 174, 58, 75, 7, 98, 96, 90]
[128, 27, 157, 92, 121, 72, 84, 10, 2, 28, 135, 97, 173, 11, 160, 70, 106, 89, 20, 122, 67, 110, 193, 68, 149, 133, 180, 48, 85, 137, 165, 107, 151, 37, 19, 79, 29, 74, 126, 123, 64, 172, 138, 190, 153, 142, 176, 163, 49, 158, 139, 102, 76, 23, 104, 15, 182, 105, 117, 184, 42, 88, 86, 113, 167, 132, 65, 144, 164, 73, 59, 185, 195, 115, 51, 162, 53, 114, 57, 83, 6, 56, 93, 179, 175, 60, 177, 130, 198, 156, 171, 34, 26, 8, 45, 145, 24, 33, 168, 71, 36, 183, 140, 46, 187, 78, 178, 80, 112, 100, 55, 99, 25, 61, 131, 4, 196, 66, 116, 39, 197, 169, 52, 69, 148, 38, 189, 188, 9, 141, 0, 94, 31, 166, 174, 58, 75, 7, 98, 96, 90]
[128, 27, 157, 92, 121, 72, 84, 10, 2, 28, 135, 97, 173, 11, 160, 70, 106, 89, 20, 122, 67, 110, 193, 68, 149, 133, 180, 48, 85, 137, 165, 107, 151, 37, 19, 79, 29, 74, 126, 123, 64, 172, 138, 190, 153, 142, 176, 163, 49, 158, 139, 102, 76, 152, 23, 104, 15, 182, 105, 117, 184, 42, 88, 86, 113, 167, 132, 65, 144, 164, 73, 59, 185, 195, 115, 51, 162, 53, 114, 57, 83, 6, 56, 93, 179, 175, 60, 177, 130, 198, 156, 171, 34, 26, 8, 45, 145, 24, 33, 168, 71, 36, 183, 140, 46, 187, 78, 178, 80, 112, 100, 55, 99, 25, 61, 131, 4, 196, 66, 116, 39, 197, 169, 52, 69, 148, 38, 189, 188, 9, 141, 0, 94, 31, 166, 174, 58, 75, 7, 98, 96, 90]
[128, 27, 157, 92, 121, 72, 84, 10, 2, 28, 135, 97, 173, 11, 160, 70, 106, 89, 20, 122, 67, 110, 193, 68, 149, 133, 180, 48, 85, 137, 165, 107, 151, 37, 19, 79, 29, 74, 126, 123, 64, 172, 138, 190, 153, 142, 176, 163, 49, 158, 139, 102, 76, 152, 23, 17, 104, 15, 182, 105, 117, 184, 42, 88, 86, 113, 167, 132, 65, 144, 164, 73, 59, 185, 195, 115, 51, 162, 53, 114, 57, 83, 6, 56, 93, 179, 175, 60, 177, 130, 198, 156, 171, 34, 26, 8, 45, 145, 24, 33, 168, 71, 36, 183, 140, 46, 187, 78, 178, 80, 112, 100, 55, 99, 25, 61, 131, 4, 196, 66, 116, 39, 197, 169, 52, 69, 148, 38, 189, 188, 9, 141, 0, 94, 31, 166, 174, 58, 75, 7, 98, 96, 90]
[128, 27, 157, 92, 121, 72, 84, 10, 2, 28, 135, 97, 173, 11, 160, 70, 106, 89, 20, 122, 67, 110, 193, 68, 149, 133, 180, 48, 85, 137, 165, 107, 151, 37, 19, 79, 29, 74, 126, 123, 64, 172, 138, 190, 153, 142, 176, 163, 49, 158, 139, 102, 76, 152, 159, 23, 17, 104, 15, 182, 105, 117, 184, 42, 88, 86, 113, 167, 132, 65, 144, 164, 73, 59, 185, 195, 115, 51, 162, 53, 114, 57, 83, 6, 56, 93, 179, 175, 60, 177, 130, 198, 156, 171, 34, 26, 8, 45, 145, 24, 33, 168, 71, 36, 183, 140, 46, 187, 78, 178, 80, 112, 100, 55, 99, 25, 61, 131, 4, 196, 66, 116, 39, 197, 169, 52, 69, 148, 38, 189, 188, 9, 141, 0, 94, 31, 166, 174, 58, 75, 7, 98, 96, 90]
[128, 27, 157, 92, 121, 72, 84, 10, 2, 28, 135, 97, 173, 11, 160, 70, 106, 89, 20, 122, 67, 110, 193, 68, 149, 133, 180, 48, 85, 137, 165, 107, 151, 37, 19, 79, 29, 74, 126, 123, 64, 172, 138, 190, 153, 142, 176, 163, 49, 158, 139, 102, 76, 152, 143, 159, 23, 17, 104, 15, 182, 105, 117, 184, 42, 88, 86, 113, 167, 132, 65, 144, 164, 73, 59, 185, 195, 115, 51, 162, 53, 114, 57, 83, 6, 56, 93, 179, 175, 60, 177, 130, 198, 156, 171, 34, 26, 8, 45, 145, 24, 33, 168, 71, 36, 183, 140, 46, 187, 78, 178, 80, 112, 100, 55, 99, 25, 61, 131, 4, 196, 66, 116, 39, 197, 169, 52, 69, 148, 38, 189, 188, 9, 141, 0, 94, 31, 166, 174, 58, 75, 7, 98, 96, 90]
[128, 27, 157, 92, 121, 72, 84, 10, 2, 28, 135, 97, 173, 11, 160, 70, 106, 89, 20, 122, 67, 110, 193, 68, 149, 133, 180, 48, 85, 137, 165, 107, 151, 37, 19, 79, 29, 74, 126, 123, 64, 172, 138, 190, 153, 142, 176, 163, 49, 158, 139, 102, 76, 152, 143, 192, 159, 23, 17, 104, 15, 182, 105, 117, 184, 42, 88, 86, 113, 167, 132, 65, 144, 164, 73, 59, 185, 195, 115, 51, 162, 53, 114, 57, 83, 6, 56, 93, 179, 175, 60, 177, 130, 198, 156, 171, 34, 26, 8, 45, 145, 24, 33, 168, 71, 36, 183, 140, 46, 187, 78, 178, 80, 112, 100, 55, 99, 25, 61, 131, 4, 196, 66, 116, 39, 197, 169, 52, 69, 148, 38, 189, 188, 9, 141, 0, 94, 31, 166, 174, 58, 75, 7, 98, 96, 90]
[128, 27, 157, 92, 121, 72, 84, 10, 2, 28, 135, 97, 173, 11, 160, 70, 106, 89, 20, 122, 67, 110, 193, 68, 149, 133, 180, 48, 85, 137, 165, 107, 151, 37, 19, 79, 29, 74, 126, 123, 64, 172, 138, 190, 153, 142, 176, 163, 49, 158, 139, 102, 76, 152, 143, 103, 192, 159, 23, 17, 104, 15, 182, 105, 117, 184, 42, 88, 86, 113, 167, 132, 65, 144, 164, 73, 59, 185, 195, 115, 51, 162, 53, 114, 57, 83, 6, 56, 93, 179, 175, 60, 177, 130, 198, 156, 171, 34, 26, 8, 45, 145, 24, 33, 168, 71, 36, 183, 140, 46, 187, 78, 178, 80, 112, 100, 55, 99, 25, 61, 131, 4, 196, 66, 116, 39, 197, 169, 52, 69, 148, 38, 189, 188, 9, 141, 0, 94, 31, 166, 174, 58, 75, 7, 98, 96, 90]
[128, 27, 157, 92, 121, 72, 84, 10, 2, 28, 135, 97, 173, 11, 160, 70, 106, 89, 20, 122, 67, 110, 193, 68, 149, 133, 180, 48, 85, 137, 165, 107, 151, 37, 19, 79, 29, 74, 126, 123, 64, 172, 138, 190, 153, 142, 176, 163, 49, 158, 139, 102, 76, 152, 143, 54, 103, 192, 159, 23, 17, 104, 15, 182, 105, 117, 184, 42, 88, 86, 113, 167, 132, 65, 144, 164, 73, 59, 185, 195, 115, 51, 162, 53, 114, 57, 83, 6, 56, 93, 179, 175, 60, 177, 130, 198, 156, 171, 34, 26, 8, 45, 145, 24, 33, 168, 71, 36, 183, 140, 46, 187, 78, 178, 80, 112, 100, 55, 99, 25, 61, 131, 4, 196, 66, 116, 39, 197, 169, 52, 69, 148, 38, 189, 188, 9, 141, 0, 94, 31, 166, 174, 58, 75, 7, 98, 96, 90]
[128, 27, 157, 92, 121, 72, 84, 10, 2, 28, 135, 97, 173, 11, 160, 70, 106, 89, 20, 122, 67, 110, 193, 68, 149, 133, 180, 48, 85, 137, 165, 107, 151, 37, 19, 79, 29, 74, 126, 123, 64, 172, 138, 190, 153, 142, 176, 163, 49, 158, 139, 102, 76, 152, 143, 54, 103, 21, 192, 159, 23, 17, 104, 15, 182, 105, 117, 184, 42, 88, 86, 113, 167, 132, 65, 144, 164, 73, 59, 185, 195, 115, 51, 162, 53, 114, 57, 83, 6, 56, 93, 179, 175, 60, 177, 130, 198, 156, 171, 34, 26, 8, 45, 145, 24, 33, 168, 71, 36, 183, 140, 46, 187, 78, 178, 80, 112, 100, 55, 99, 25, 61, 131, 4, 196, 66, 116, 39, 197, 169, 52, 69, 148, 38, 189, 188, 9, 141, 0, 94, 31, 166, 174, 58, 75, 7, 98, 96, 90]
[128, 27, 157, 92, 121, 72, 84, 10, 2, 28, 135, 97, 173, 11, 160, 70, 106, 89, 20, 122, 67, 110, 193, 68, 149, 133, 180, 48, 85, 137, 165, 107, 151, 37, 19, 79, 29, 74, 126, 123, 64, 172, 138, 190, 153, 142, 176, 163, 49, 158, 139, 102, 76, 152, 143, 54, 103, 21, 22, 192, 159, 23, 17, 104, 15, 182, 105, 117, 184, 42, 88, 86, 113, 167, 132, 65, 144, 164, 73, 59, 185, 195, 115, 51, 162, 53, 114, 57, 83, 6, 56, 93, 179, 175, 60, 177, 130, 198, 156, 171, 34, 26, 8, 45, 145, 24, 33, 168, 71, 36, 183, 140, 46, 187, 78, 178, 80, 112, 100, 55, 99, 25, 61, 131, 4, 196, 66, 116, 39, 197, 169, 52, 69, 148, 38, 189, 188, 9, 141, 0, 94, 31, 166, 174, 58, 75, 7, 98, 96, 90]
[128, 27, 157, 92, 121, 72, 84, 10, 2, 28, 135, 97, 173, 11, 160, 70, 106, 89, 20, 122, 67, 110, 193, 68, 149, 133, 180, 48, 85, 137, 165, 107, 151, 37, 19, 79, 29, 74, 126, 123, 64, 172, 138, 190, 153, 142, 176, 163, 49, 158, 139, 102, 76, 152, 143, 54, 103, 170, 21, 22, 192, 159, 23, 17, 104, 15, 182, 105, 117, 184, 42, 88, 86, 113, 167, 132, 65, 144, 164, 73, 59, 185, 195, 115, 51, 162, 53, 114, 57, 83, 6, 56, 93, 179, 175, 60, 177, 130, 198, 156, 171, 34, 26, 8, 45, 145, 24, 33, 168, 71, 36, 183, 140, 46, 187, 78, 178, 80, 112, 100, 55, 99, 25, 61, 131, 4, 196, 66, 116, 39, 197, 169, 52, 69, 148, 38, 189, 188, 9, 141, 0, 94, 31, 166, 174, 58, 75, 7, 98, 96, 90]
[128, 27, 157, 92, 121, 72, 84, 10, 2, 28, 135, 97, 173, 11, 160, 70, 106, 89, 20, 122, 67, 110, 193, 68, 149, 133, 180, 48, 85, 137, 165, 107, 151, 37, 19, 79, 29, 74, 126, 123, 64, 172, 138, 190, 153, 142, 176, 163, 49, 158, 139, 102, 76, 152, 143, 54, 103, 170, 87, 21, 22, 192, 159, 23, 17, 104, 15, 182, 105, 117, 184, 42, 88, 86, 113, 167, 132, 65, 144, 164, 73, 59, 185, 195, 115, 51, 162, 53, 114, 57, 83, 6, 56, 93, 179, 175, 60, 177, 130, 198, 156, 171, 34, 26, 8, 45, 145, 24, 33, 168, 71, 36, 183, 140, 46, 187, 78, 178, 80, 112, 100, 55, 99, 25, 61, 131, 4, 196, 66, 116, 39, 197, 169, 52, 69, 148, 38, 189, 188, 9, 141, 0, 94, 31, 166, 174, 58, 75, 7, 98, 96, 90]
[128, 27, 157, 92, 121, 72, 84, 10, 2, 28, 135, 97, 173, 11, 160, 70, 106, 89, 20, 122, 67, 110, 193, 68, 149, 133, 180, 48, 85, 137, 165, 107, 151, 37, 19, 79, 29, 74, 126, 123, 64, 172, 138, 190, 153, 142, 176, 163, 49, 158, 139, 102, 76, 152, 143, 54, 103, 170, 87, 21, 22, 192, 159, 23, 161, 17, 104, 15, 182, 105, 117, 184, 42, 88, 86, 113, 167, 132, 65, 144, 164, 73, 59, 185, 195, 115, 51, 162, 53, 114, 57, 83, 6, 56, 93, 179, 175, 60, 177, 130, 198, 156, 171, 34, 26, 8, 45, 145, 24, 33, 168, 71, 36, 183, 140, 46, 187, 78, 178, 80, 112, 100, 55, 99, 25, 61, 131, 4, 196, 66, 116, 39, 197, 169, 52, 69, 148, 38, 189, 188, 9, 141, 0, 94, 31, 166, 174, 58, 75, 7, 98, 96, 90]
[128, 27, 157, 92, 121, 72, 84, 10, 2, 28, 135, 97, 173, 11, 160, 70, 106, 89, 20, 122, 67, 110, 193, 68, 149, 133, 180, 48, 85, 137, 165, 107, 151, 37, 19, 79, 29, 74, 126, 123, 64, 172, 138, 190, 153, 142, 176, 163, 49, 158, 139, 102, 76, 152, 143, 54, 103, 170, 87, 21, 22, 192, 159, 23, 161, 95, 17, 104, 15, 182, 105, 117, 184, 42, 88, 86, 113, 167, 132, 65, 144, 164, 73, 59, 185, 195, 115, 51, 162, 53, 114, 57, 83, 6, 56, 93, 179, 175, 60, 177, 130, 198, 156, 171, 34, 26, 8, 45, 145, 24, 33, 168, 71, 36, 183, 140, 46, 187, 78, 178, 80, 112, 100, 55, 99, 25, 61, 131, 4, 196, 66, 116, 39, 197, 169, 52, 69, 148, 38, 189, 188, 9, 141, 0, 94, 31, 166, 174, 58, 75, 7, 98, 96, 90]
[128, 27, 157, 92, 121, 72, 84, 10, 2, 28, 135, 97, 173, 11, 160, 70, 106, 89, 20, 122, 67, 110, 193, 68, 149, 133, 180, 48, 85, 137, 165, 107, 151, 37, 19, 79, 29, 74, 126, 123, 64, 172, 138, 190, 153, 142, 176, 163, 49, 158, 139, 102, 76, 152, 143, 54, 103, 170, 87, 21, 22, 192, 159, 23, 161, 136, 95, 17, 104, 15, 182, 105, 117, 184, 42, 88, 86, 113, 167, 132, 65, 144, 164, 73, 59, 185, 195, 115, 51, 162, 53, 114, 57, 83, 6, 56, 93, 179, 175, 60, 177, 130, 198, 156, 171, 34, 26, 8, 45, 145, 24, 33, 168, 71, 36, 183, 140, 46, 187, 78, 178, 80, 112, 100, 55, 99, 25, 61, 131, 4, 196, 66, 116, 39, 197, 169, 52, 69, 148, 38, 189, 188, 9, 141, 0, 94, 31, 166, 174, 58, 75, 7, 98, 96, 90]
[128, 27, 157, 92, 121, 72, 84, 10, 2, 28, 135, 97, 173, 11, 160, 70, 106, 89, 20, 122, 67, 110, 193, 68, 149, 133, 180, 48, 85, 137, 165, 107, 151, 37, 19, 79, 29, 74, 126, 123, 64, 172, 138, 190, 153, 142, 176, 163, 49, 158, 139, 102, 76, 152, 143, 54, 103, 170, 87, 21, 22, 192, 159, 23, 161, 136, 118, 95, 17, 104, 15, 182, 105, 117, 184, 42, 88, 86, 113, 167, 132, 65, 144, 164, 73, 59, 185, 195, 115, 51, 162, 53, 114, 57, 83, 6, 56, 93, 179, 175, 60, 177, 130, 198, 156, 171, 34, 26, 8, 45, 145, 24, 33, 168, 71, 36, 183, 140, 46, 187, 78, 178, 80, 112, 100, 55, 99, 25, 61, 131, 4, 196, 66, 116, 39, 197, 169, 52, 69, 148, 38, 189, 188, 9, 141, 0, 94, 31, 166, 174, 58, 75, 7, 98, 96, 90]
[128, 27, 157, 92, 121, 72, 84, 10, 2, 28, 135, 97, 173, 11, 160, 70, 106, 89, 20, 122, 67, 110, 193, 68, 149, 133, 180, 48, 85, 137, 165, 107, 151, 37, 19, 79, 29, 74, 126, 123, 64, 172, 138, 190, 153, 142, 176, 163, 49, 158, 139, 102, 76, 152, 143, 54, 103, 170, 87, 21, 22, 192, 159, 23, 161, 136, 91, 118, 95, 17, 104, 15, 182, 105, 117, 184, 42, 88, 86, 113, 167, 132, 65, 144, 164, 73, 59, 185, 195, 115, 51, 162, 53, 114, 57, 83, 6, 56, 93, 179, 175, 60, 177, 130, 198, 156, 171, 34, 26, 8, 45, 145, 24, 33, 168, 71, 36, 183, 140, 46, 187, 78, 178, 80, 112, 100, 55, 99, 25, 61, 131, 4, 196, 66, 116, 39, 197, 169, 52, 69, 148, 38, 189, 188, 9, 141, 0, 94, 31, 166, 174, 58, 75, 7, 98, 96, 90]
[128, 27, 157, 92, 121, 72, 84, 10, 2, 28, 135, 97, 173, 11, 160, 70, 106, 89, 20, 122, 67, 110, 193, 68, 149, 133, 180, 48, 85, 137, 165, 107, 151, 37, 19, 79, 29, 74, 126, 123, 64, 172, 138, 190, 153, 142, 176, 163, 49, 158, 139, 102, 76, 152, 143, 54, 103, 170, 87, 21, 22, 192, 159, 23, 161, 136, 150, 91, 118, 95, 17, 104, 15, 182, 105, 117, 184, 42, 88, 86, 113, 167, 132, 65, 144, 164, 73, 59, 185, 195, 115, 51, 162, 53, 114, 57, 83, 6, 56, 93, 179, 175, 60, 177, 130, 198, 156, 171, 34, 26, 8, 45, 145, 24, 33, 168, 71, 36, 183, 140, 46, 187, 78, 178, 80, 112, 100, 55, 99, 25, 61, 131, 4, 196, 66, 116, 39, 197, 169, 52, 69, 148, 38, 189, 188, 9, 141, 0, 94, 31, 166, 174, 58, 75, 7, 98, 96, 90]
[128, 27, 157, 92, 121, 72, 84, 10, 2, 28, 135, 97, 173, 11, 160, 70, 106, 89, 20, 122, 67, 110, 193, 68, 149, 133, 180, 48, 85, 137, 165, 107, 151, 37, 19, 79, 29, 74, 126, 123, 64, 172, 138, 190, 153, 142, 176, 163, 49, 158, 139, 102, 76, 152, 143, 54, 103, 170, 87, 21, 22, 192, 159, 23, 161, 136, 18, 150, 91, 118, 95, 17, 104, 15, 182, 105, 117, 184, 42, 88, 86, 113, 167, 132, 65, 144, 164, 73, 59, 185, 195, 115, 51, 162, 53, 114, 57, 83, 6, 56, 93, 179, 175, 60, 177, 130, 198, 156, 171, 34, 26, 8, 45, 145, 24, 33, 168, 71, 36, 183, 140, 46, 187, 78, 178, 80, 112, 100, 55, 99, 25, 61, 131, 4, 196, 66, 116, 39, 197, 169, 52, 69, 148, 38, 189, 188, 9, 141, 0, 94, 31, 166, 174, 58, 75, 7, 98, 96, 90]
[128, 27, 157, 92, 121, 72, 84, 10, 2, 28, 135, 97, 173, 11, 160, 70, 106, 89, 20, 122, 67, 110, 193, 68, 149, 133, 180, 48, 85, 137, 165, 107, 151, 37, 19, 79, 29, 74, 126, 123, 64, 172, 138, 190, 153, 142, 176, 163, 49, 158, 139, 102, 76, 152, 143, 54, 103, 170, 87, 21, 22, 192, 159, 23, 161, 136, 18, 150, 199, 91, 118, 95, 17, 104, 15, 182, 105, 117, 184, 42, 88, 86, 113, 167, 132, 65, 144, 164, 73, 59, 185, 195, 115, 51, 162, 53, 114, 57, 83, 6, 56, 93, 179, 175, 60, 177, 130, 198, 156, 171, 34, 26, 8, 45, 145, 24, 33, 168, 71, 36, 183, 140, 46, 187, 78, 178, 80, 112, 100, 55, 99, 25, 61, 131, 4, 196, 66, 116, 39, 197, 169, 52, 69, 148, 38, 189, 188, 9, 141, 0, 94, 31, 166, 174, 58, 75, 7, 98, 96, 90]
[128, 27, 157, 92, 121, 72, 84, 10, 2, 28, 135, 97, 173, 11, 160, 70, 106, 89, 20, 122, 67, 110, 193, 68, 149, 133, 180, 48, 85, 137, 165, 107, 151, 37, 19, 79, 29, 74, 126, 123, 64, 172, 138, 190, 153, 142, 176, 163, 49, 158, 139, 102, 76, 152, 143, 54, 103, 170, 87, 21, 22, 192, 159, 23, 161, 136, 18, 150, 199, 101, 91, 118, 95, 17, 104, 15, 182, 105, 117, 184, 42, 88, 86, 113, 167, 132, 65, 144, 164, 73, 59, 185, 195, 115, 51, 162, 53, 114, 57, 83, 6, 56, 93, 179, 175, 60, 177, 130, 198, 156, 171, 34, 26, 8, 45, 145, 24, 33, 168, 71, 36, 183, 140, 46, 187, 78, 178, 80, 112, 100, 55, 99, 25, 61, 131, 4, 196, 66, 116, 39, 197, 169, 52, 69, 148, 38, 189, 188, 9, 141, 0, 94, 31, 166, 174, 58, 75, 7, 98, 96, 90]
[128, 27, 157, 92, 121, 72, 84, 10, 2, 28, 135, 97, 173, 11, 160, 70, 106, 89, 20, 122, 67, 110, 193, 68, 149, 133, 180, 48, 85, 137, 165, 107, 151, 37, 19, 79, 29, 74, 126, 123, 64, 172, 138, 190, 153, 142, 176, 163, 49, 158, 139, 102, 76, 152, 143, 54, 103, 170, 87, 21, 22, 192, 159, 23, 161, 136, 18, 150, 199, 101, 91, 118, 95, 44, 17, 104, 15, 182, 105, 117, 184, 42, 88, 86, 113, 167, 132, 65, 144, 164, 73, 59, 185, 195, 115, 51, 162, 53, 114, 57, 83, 6, 56, 93, 179, 175, 60, 177, 130, 198, 156, 171, 34, 26, 8, 45, 145, 24, 33, 168, 71, 36, 183, 140, 46, 187, 78, 178, 80, 112, 100, 55, 99, 25, 61, 131, 4, 196, 66, 116, 39, 197, 169, 52, 69, 148, 38, 189, 188, 9, 141, 0, 94, 31, 166, 174, 58, 75, 7, 98, 96, 90]
[128, 27, 157, 92, 121, 72, 84, 10, 2, 28, 135, 97, 173, 11, 160, 70, 106, 89, 20, 122, 67, 110, 193, 68, 149, 133, 180, 48, 85, 137, 165, 107, 151, 37, 19, 79, 29, 74, 126, 123, 64, 172, 138, 190, 153, 142, 176, 163, 49, 158, 139, 102, 76, 152, 143, 54, 103, 170, 87, 21, 22, 192, 159, 23, 161, 136, 18, 150, 199, 101, 91, 118, 95, 35, 44, 17, 104, 15, 182, 105, 117, 184, 42, 88, 86, 113, 167, 132, 65, 144, 164, 73, 59, 185, 195, 115, 51, 162, 53, 114, 57, 83, 6, 56, 93, 179, 175, 60, 177, 130, 198, 156, 171, 34, 26, 8, 45, 145, 24, 33, 168, 71, 36, 183, 140, 46, 187, 78, 178, 80, 112, 100, 55, 99, 25, 61, 131, 4, 196, 66, 116, 39, 197, 169, 52, 69, 148, 38, 189, 188, 9, 141, 0, 94, 31, 166, 174, 58, 75, 7, 98, 96, 90]
[128, 27, 157, 92, 121, 72, 84, 10, 2, 28, 135, 97, 173, 11, 160, 70, 106, 89, 20, 122, 67, 110, 193, 68, 149, 133, 180, 48, 85, 137, 165, 107, 151, 37, 19, 79, 29, 74, 126, 123, 64, 172, 138, 190, 153, 142, 176, 163, 49, 158, 139, 102, 76, 152, 143, 54, 103, 170, 87, 21, 22, 192, 159, 23, 161, 136, 18, 150, 129, 199, 101, 91, 118, 95, 35, 44, 17, 104, 15, 182, 105, 117, 184, 42, 88, 86, 113, 167, 132, 65, 144, 164, 73, 59, 185, 195, 115, 51, 162, 53, 114, 57, 83, 6, 56, 93, 179, 175, 60, 177, 130, 198, 156, 171, 34, 26, 8, 45, 145, 24, 33, 168, 71, 36, 183, 140, 46, 187, 78, 178, 80, 112, 100, 55, 99, 25, 61, 131, 4, 196, 66, 116, 39, 197, 169, 52, 69, 148, 38, 189, 188, 9, 141, 0, 94, 31, 166, 174, 58, 75, 7, 98, 96, 90]
[128, 27, 157, 92, 121, 72, 84, 10, 2, 28, 135, 97, 173, 11, 160, 70, 106, 89, 20, 122, 67, 110, 193, 68, 149, 133, 180, 48, 85, 137, 165, 107, 151, 37, 19, 79, 29, 74, 126, 123, 64, 172, 138, 190, 153, 142, 176, 163, 49, 158, 139, 102, 76, 152, 143, 54, 103, 170, 87, 21, 22, 192, 159, 23, 161, 136, 18, 150, 129, 199, 101, 91, 118, 95, 35, 16, 44, 17, 104, 15, 182, 105, 117, 184, 42, 88, 86, 113, 167, 132, 65, 144, 164, 73, 59, 185, 195, 115, 51, 162, 53, 114, 57, 83, 6, 56, 93, 179, 175, 60, 177, 130, 198, 156, 171, 34, 26, 8, 45, 145, 24, 33, 168, 71, 36, 183, 140, 46, 187, 78, 178, 80, 112, 100, 55, 99, 25, 61, 131, 4, 196, 66, 116, 39, 197, 169, 52, 69, 148, 38, 189, 188, 9, 141, 0, 94, 31, 166, 174, 58, 75, 7, 98, 96, 90]
[128, 27, 157, 92, 121, 72, 84, 10, 2, 28, 135, 97, 173, 11, 160, 70, 106, 89, 20, 122, 67, 110, 193, 68, 149, 133, 180, 48, 85, 137, 165, 107, 151, 37, 19, 79, 29, 74, 126, 123, 64, 172, 138, 190, 153, 142, 176, 163, 49, 158, 139, 102, 76, 152, 143, 54, 103, 170, 87, 21, 22, 192, 159, 23, 161, 136, 18, 150, 129, 199, 101, 91, 118, 95, 35, 191, 16, 44, 17, 104, 15, 182, 105, 117, 184, 42, 88, 86, 113, 167, 132, 65, 144, 164, 73, 59, 185, 195, 115, 51, 162, 53, 114, 57, 83, 6, 56, 93, 179, 175, 60, 177, 130, 198, 156, 171, 34, 26, 8, 45, 145, 24, 33, 168, 71, 36, 183, 140, 46, 187, 78, 178, 80, 112, 100, 55, 99, 25, 61, 131, 4, 196, 66, 116, 39, 197, 169, 52, 69, 148, 38, 189, 188, 9, 141, 0, 94, 31, 166, 174, 58, 75, 7, 98, 96, 90]
[128, 27, 157, 92, 121, 72, 84, 10, 2, 28, 135, 97, 173, 11, 160, 70, 106, 89, 20, 122, 67, 110, 193, 68, 149, 133, 180, 48, 85, 137, 165, 107, 151, 37, 19, 79, 29, 74, 126, 123, 64, 172, 138, 190, 153, 142, 176, 163, 49, 158, 139, 102, 76, 152, 143, 54, 103, 170, 87, 21, 22, 192, 159, 23, 161, 136, 18, 150, 129, 199, 101, 91, 118, 95, 35, 40, 191, 16, 44, 17, 104, 15, 182, 105, 117, 184, 42, 88, 86, 113, 167, 132, 65, 144, 164, 73, 59, 185, 195, 115, 51, 162, 53, 114, 57, 83, 6, 56, 93, 179, 175, 60, 177, 130, 198, 156, 171, 34, 26, 8, 45, 145, 24, 33, 168, 71, 36, 183, 140, 46, 187, 78, 178, 80, 112, 100, 55, 99, 25, 61, 131, 4, 196, 66, 116, 39, 197, 169, 52, 69, 148, 38, 189, 188, 9, 141, 0, 94, 31, 166, 174, 58, 75, 7, 98, 96, 90]
[128, 27, 157, 92, 121, 72, 84, 10, 2, 28, 135, 97, 173, 11, 160, 70, 106, 89, 20, 122, 67, 110, 193, 68, 149, 133, 180, 48, 85, 137, 165, 107, 151, 37, 19, 79, 29, 74, 126, 123, 64, 172, 138, 190, 153, 142, 176, 163, 49, 158, 139, 102, 76, 152, 143, 54, 103, 170, 87, 21, 22, 192, 159, 23, 161, 136, 18, 150, 129, 43, 199, 101, 91, 118, 95, 35, 40, 191, 16, 44, 17, 104, 15, 182, 105, 117, 184, 42, 88, 86, 113, 167, 132, 65, 144, 164, 73, 59, 185, 195, 115, 51, 162, 53, 114, 57, 83, 6, 56, 93, 179, 175, 60, 177, 130, 198, 156, 171, 34, 26, 8, 45, 145, 24, 33, 168, 71, 36, 183, 140, 46, 187, 78, 178, 80, 112, 100, 55, 99, 25, 61, 131, 4, 196, 66, 116, 39, 197, 169, 52, 69, 148, 38, 189, 188, 9, 141, 0, 94, 31, 166, 174, 58, 75, 7, 98, 96, 90]
[128, 27, 157, 92, 121, 72, 84, 10, 2, 28, 135, 97, 173, 11, 160, 70, 106, 89, 20, 122, 67, 110, 193, 68, 149, 133, 180, 48, 85, 137, 165, 107, 151, 37, 19, 79, 29, 74, 126, 123, 64, 172, 138, 190, 153, 142, 176, 163, 49, 158, 139, 102, 76, 152, 143, 54, 103, 170, 87, 21, 22, 192, 159, 23, 161, 136, 18, 150, 134, 129, 43, 199, 101, 91, 118, 95, 35, 40, 191, 16, 44, 17, 104, 15, 182, 105, 117, 184, 42, 88, 86, 113, 167, 132, 65, 144, 164, 73, 59, 185, 195, 115, 51, 162, 53, 114, 57, 83, 6, 56, 93, 179, 175, 60, 177, 130, 198, 156, 171, 34, 26, 8, 45, 145, 24, 33, 168, 71, 36, 183, 140, 46, 187, 78, 178, 80, 112, 100, 55, 99, 25, 61, 131, 4, 196, 66, 116, 39, 197, 169, 52, 69, 148, 38, 189, 188, 9, 141, 0, 94, 31, 166, 174, 58, 75, 7, 98, 96, 90]
[128, 27, 157, 92, 121, 72, 84, 10, 2, 28, 135, 97, 173, 11, 160, 70, 106, 89, 20, 122, 67, 110, 193, 68, 149, 133, 180, 48, 85, 137, 165, 107, 151, 37, 19, 79, 29, 74, 126, 123, 64, 172, 138, 190, 153, 142, 176, 163, 49, 158, 139, 102, 76, 152, 143, 54, 103, 170, 87, 21, 22, 192, 159, 23, 161, 136, 18, 150, 134, 129, 43, 199, 101, 91, 118, 95, 35, 147, 40, 191, 16, 44, 17, 104, 15, 182, 105, 117, 184, 42, 88, 86, 113, 167, 132, 65, 144, 164, 73, 59, 185, 195, 115, 51, 162, 53, 114, 57, 83, 6, 56, 93, 179, 175, 60, 177, 130, 198, 156, 171, 34, 26, 8, 45, 145, 24, 33, 168, 71, 36, 183, 140, 46, 187, 78, 178, 80, 112, 100, 55, 99, 25, 61, 131, 4, 196, 66, 116, 39, 197, 169, 52, 69, 148, 38, 189, 188, 9, 141, 0, 94, 31, 166, 174, 58, 75, 7, 98, 96, 90]
[128, 27, 157, 92, 121, 72, 84, 10, 2, 28, 135, 97, 173, 11, 160, 70, 106, 89, 20, 122, 67, 110, 193, 68, 149, 133, 180, 48, 85, 137, 165, 107, 151, 37, 19, 79, 29, 74, 126, 123, 64, 172, 138, 190, 153, 142, 176, 163, 49, 158, 139, 102, 76, 152, 143, 54, 103, 170, 87, 21, 22, 192, 159, 23, 161, 136, 18, 150, 134, 129, 43, 199, 101, 91, 118, 95, 35, 147, 40, 191, 16, 77, 44, 17, 104, 15, 182, 105, 117, 184, 42, 88, 86, 113, 167, 132, 65, 144, 164, 73, 59, 185, 195, 115, 51, 162, 53, 114, 57, 83, 6, 56, 93, 179, 175, 60, 177, 130, 198, 156, 171, 34, 26, 8, 45, 145, 24, 33, 168, 71, 36, 183, 140, 46, 187, 78, 178, 80, 112, 100, 55, 99, 25, 61, 131, 4, 196, 66, 116, 39, 197, 169, 52, 69, 148, 38, 189, 188, 9, 141, 0, 94, 31, 166, 174, 58, 75, 7, 98, 96, 90]
[128, 27, 157, 92, 121, 72, 84, 10, 2, 28, 135, 97, 173, 11, 160, 70, 106, 89, 20, 122, 67, 110, 193, 68, 149, 133, 180, 48, 85, 137, 165, 107, 151, 37, 19, 79, 29, 74, 126, 123, 64, 172, 138, 190, 153, 142, 176, 163, 49, 158, 139, 102, 76, 152, 143, 54, 103, 170, 87, 21, 22, 192, 159, 23, 161, 136, 18, 150, 134, 129, 43, 199, 101, 91, 118, 95, 35, 147, 40, 191, 16, 154, 77, 44, 17, 104, 15, 182, 105, 117, 184, 42, 88, 86, 113, 167, 132, 65, 144, 164, 73, 59, 185, 195, 115, 51, 162, 53, 114, 57, 83, 6, 56, 93, 179, 175, 60, 177, 130, 198, 156, 171, 34, 26, 8, 45, 145, 24, 33, 168, 71, 36, 183, 140, 46, 187, 78, 178, 80, 112, 100, 55, 99, 25, 61, 131, 4, 196, 66, 116, 39, 197, 169, 52, 69, 148, 38, 189, 188, 9, 141, 0, 94, 31, 166, 174, 58, 75, 7, 98, 96, 90]
[128, 27, 157, 92, 121, 72, 84, 10, 2, 28, 135, 97, 173, 11, 160, 70, 106, 89, 20, 122, 67, 110, 193, 68, 149, 133, 180, 48, 85, 137, 165, 107, 151, 37, 19, 79, 29, 74, 126, 123, 64, 172, 138, 190, 153, 142, 176, 163, 49, 158, 139, 102, 76, 152, 143, 54, 103, 170, 87, 21, 22, 192, 159, 23, 161, 136, 18, 150, 134, 129, 43, 199, 101, 91, 118, 95, 35, 147, 40, 191, 16, 12, 154, 77, 44, 17, 104, 15, 182, 105, 117, 184, 42, 88, 86, 113, 167, 132, 65, 144, 164, 73, 59, 185, 195, 115, 51, 162, 53, 114, 57, 83, 6, 56, 93, 179, 175, 60, 177, 130, 198, 156, 171, 34, 26, 8, 45, 145, 24, 33, 168, 71, 36, 183, 140, 46, 187, 78, 178, 80, 112, 100, 55, 99, 25, 61, 131, 4, 196, 66, 116, 39, 197, 169, 52, 69, 148, 38, 189, 188, 9, 141, 0, 94, 31, 166, 174, 58, 75, 7, 98, 96, 90]
[128, 27, 157, 92, 121, 72, 84, 10, 2, 28, 135, 97, 173, 11, 160, 70, 106, 89, 20, 122, 67, 110, 193, 68, 149, 133, 180, 48, 85, 137, 165, 107, 151, 37, 19, 79, 29, 74, 126, 123, 64, 172, 138, 190, 153, 142, 176, 163, 49, 158, 139, 102, 76, 152, 143, 54, 103, 170, 87, 21, 22, 192, 159, 23, 161, 136, 18, 150, 134, 129, 43, 199, 101, 91, 118, 95, 35, 147, 40, 191, 16, 186, 12, 154, 77, 44, 17, 104, 15, 182, 105, 117, 184, 42, 88, 86, 113, 167, 132, 65, 144, 164, 73, 59, 185, 195, 115, 51, 162, 53, 114, 57, 83, 6, 56, 93, 179, 175, 60, 177, 130, 198, 156, 171, 34, 26, 8, 45, 145, 24, 33, 168, 71, 36, 183, 140, 46, 187, 78, 178, 80, 112, 100, 55, 99, 25, 61, 131, 4, 196, 66, 116, 39, 197, 169, 52, 69, 148, 38, 189, 188, 9, 141, 0, 94, 31, 166, 174, 58, 75, 7, 98, 96, 90]
[128, 27, 157, 92, 121, 72, 84, 10, 2, 28, 135, 97, 173, 11, 160, 70, 106, 89, 20, 122, 67, 110, 193, 68, 149, 133, 180, 48, 85, 137, 165, 107, 151, 37, 19, 79, 29, 74, 126, 123, 64, 172, 138, 190, 153, 142, 176, 163, 49, 158, 139, 102, 76, 152, 143, 54, 103, 170, 87, 21, 22, 192, 159, 23, 161, 136, 18, 150, 134, 129, 43, 199, 101, 91, 118, 95, 35, 147, 40, 191, 16, 186, 125, 12, 154, 77, 44, 17, 104, 15, 182, 105, 117, 184, 42, 88, 86, 113, 167, 132, 65, 144, 164, 73, 59, 185, 195, 115, 51, 162, 53, 114, 57, 83, 6, 56, 93, 179, 175, 60, 177, 130, 198, 156, 171, 34, 26, 8, 45, 145, 24, 33, 168, 71, 36, 183, 140, 46, 187, 78, 178, 80, 112, 100, 55, 99, 25, 61, 131, 4, 196, 66, 116, 39, 197, 169, 52, 69, 148, 38, 189, 188, 9, 141, 0, 94, 31, 166, 174, 58, 75, 7, 98, 96, 90]
[128, 27, 157, 92, 121, 72, 84, 10, 2, 28, 135, 97, 173, 11, 160, 70, 106, 89, 20, 122, 67, 110, 193, 68, 149, 133, 180, 48, 85, 137, 165, 107, 151, 37, 19, 79, 29, 74, 126, 123, 64, 172, 138, 190, 153, 142, 176, 163, 49, 158, 139, 102, 76, 152, 143, 54, 103, 170, 87, 21, 22, 192, 159, 23, 161, 136, 18, 150, 134, 129, 43, 199, 101, 91, 118, 95, 35, 147, 40, 191, 16, 186, 125, 62, 12, 154, 77, 44, 17, 104, 15, 182, 105, 117, 184, 42, 88, 86, 113, 167, 132, 65, 144, 164, 73, 59, 185, 195, 115, 51, 162, 53, 114, 57, 83, 6, 56, 93, 179, 175, 60, 177, 130, 198, 156, 171, 34, 26, 8, 45, 145, 24, 33, 168, 71, 36, 183, 140, 46, 187, 78, 178, 80, 112, 100, 55, 99, 25, 61, 131, 4, 196, 66, 116, 39, 197, 169, 52, 69, 148, 38, 189, 188, 9, 141, 0, 94, 31, 166, 174, 58, 75, 7, 98, 96, 90]
[128, 27, 157, 92, 121, 72, 84, 10, 2, 28, 135, 97, 173, 11, 160, 70, 106, 89, 20, 122, 67, 110, 193, 68, 149, 133, 180, 48, 85, 137, 165, 107, 151, 37, 19, 79, 29, 74, 126, 123, 64, 172, 138, 190, 153, 142, 176, 163, 49, 158, 139, 102, 76, 152, 143, 54, 103, 170, 87, 21, 22, 192, 159, 23, 161, 136, 18, 150, 134, 129, 43, 199, 101, 91, 118, 95, 35, 147, 40, 191, 16, 186, 125, 62, 1, 12, 154, 77, 44, 17, 104, 15, 182, 105, 117, 184, 42, 88, 86, 113, 167, 132, 65, 144, 164, 73, 59, 185, 195, 115, 51, 162, 53, 114, 57, 83, 6, 56, 93, 179, 175, 60, 177, 130, 198, 156, 171, 34, 26, 8, 45, 145, 24, 33, 168, 71, 36, 183, 140, 46, 187, 78, 178, 80, 112, 100, 55, 99, 25, 61, 131, 4, 196, 66, 116, 39, 197, 169, 52, 69, 148, 38, 189, 188, 9, 141, 0, 94, 31, 166, 174, 58, 75, 7, 98, 96, 90]
[128, 27, 157, 92, 121, 72, 84, 10, 2, 28, 135, 97, 173, 11, 160, 70, 106, 89, 20, 122, 67, 110, 193, 68, 149, 133, 180, 48, 85, 137, 165, 107, 151, 37, 19, 79, 29, 74, 126, 123, 64, 172, 138, 190, 153, 142, 176, 163, 49, 158, 139, 102, 76, 152, 143, 54, 103, 170, 87, 21, 22, 192, 159, 23, 161, 136, 18, 150, 134, 129, 43, 199, 101, 91, 118, 95, 35, 147, 40, 191, 16, 186, 125, 62, 108, 1, 12, 154, 77, 44, 17, 104, 15, 182, 105, 117, 184, 42, 88, 86, 113, 167, 132, 65, 144, 164, 73, 59, 185, 195, 115, 51, 162, 53, 114, 57, 83, 6, 56, 93, 179, 175, 60, 177, 130, 198, 156, 171, 34, 26, 8, 45, 145, 24, 33, 168, 71, 36, 183, 140, 46, 187, 78, 178, 80, 112, 100, 55, 99, 25, 61, 131, 4, 196, 66, 116, 39, 197, 169, 52, 69, 148, 38, 189, 188, 9, 141, 0, 94, 31, 166, 174, 58, 75, 7, 98, 96, 90]
[128, 27, 157, 92, 121, 72, 84, 10, 2, 28, 135, 97, 173, 11, 160, 70, 106, 89, 20, 122, 67, 110, 193, 68, 149, 133, 180, 48, 85, 137, 165, 107, 151, 37, 19, 79, 29, 74, 126, 123, 64, 172, 138, 190, 153, 142, 176, 163, 49, 158, 139, 102, 76, 152, 143, 54, 103, 170, 87, 21, 22, 192, 159, 23, 161, 136, 18, 150, 134, 129, 43, 199, 101, 91, 118, 95, 35, 147, 40, 191, 16, 186, 125, 62, 109, 108, 1, 12, 154, 77, 44, 17, 104, 15, 182, 105, 117, 184, 42, 88, 86, 113, 167, 132, 65, 144, 164, 73, 59, 185, 195, 115, 51, 162, 53, 114, 57, 83, 6, 56, 93, 179, 175, 60, 177, 130, 198, 156, 171, 34, 26, 8, 45, 145, 24, 33, 168, 71, 36, 183, 140, 46, 187, 78, 178, 80, 112, 100, 55, 99, 25, 61, 131, 4, 196, 66, 116, 39, 197, 169, 52, 69, 148, 38, 189, 188, 9, 141, 0, 94, 31, 166, 174, 58, 75, 7, 98, 96, 90]
[128, 27, 157, 92, 121, 72, 84, 10, 2, 28, 135, 97, 173, 11, 160, 70, 106, 89, 20, 122, 67, 110, 193, 68, 149, 133, 180, 48, 85, 137, 165, 107, 151, 37, 19, 79, 29, 74, 126, 123, 64, 172, 138, 190, 153, 142, 176, 163, 49, 158, 139, 102, 76, 152, 143, 54, 103, 170, 87, 21, 22, 192, 159, 23, 161, 136, 18, 150, 134, 129, 43, 199, 101, 91, 118, 95, 35, 147, 40, 191, 16, 186, 125, 62, 109, 41, 108, 1, 12, 154, 77, 44, 17, 104, 15, 182, 105, 117, 184, 42, 88, 86, 113, 167, 132, 65, 144, 164, 73, 59, 185, 195, 115, 51, 162, 53, 114, 57, 83, 6, 56, 93, 179, 175, 60, 177, 130, 198, 156, 171, 34, 26, 8, 45, 145, 24, 33, 168, 71, 36, 183, 140, 46, 187, 78, 178, 80, 112, 100, 55, 99, 25, 61, 131, 4, 196, 66, 116, 39, 197, 169, 52, 69, 148, 38, 189, 188, 9, 141, 0, 94, 31, 166, 174, 58, 75, 7, 98, 96, 90]
[128, 27, 157, 92, 121, 72, 84, 10, 2, 28, 135, 97, 173, 11, 160, 70, 106, 89, 20, 122, 67, 110, 193, 68, 149, 133, 180, 48, 85, 137, 165, 107, 151, 37, 19, 79, 29, 74, 126, 123, 64, 172, 138, 190, 153, 142, 176, 163, 49, 158, 139, 102, 76, 152, 143, 54, 103, 170, 87, 21, 22, 192, 159, 23, 161, 136, 18, 150, 134, 129, 43, 199, 101, 91, 118, 95, 35, 147, 40, 191, 16, 186, 125, 62, 47, 109, 41, 108, 1, 12, 154, 77, 44, 17, 104, 15, 182, 105, 117, 184, 42, 88, 86, 113, 167, 132, 65, 144, 164, 73, 59, 185, 195, 115, 51, 162, 53, 114, 57, 83, 6, 56, 93, 179, 175, 60, 177, 130, 198, 156, 171, 34, 26, 8, 45, 145, 24, 33, 168, 71, 36, 183, 140, 46, 187, 78, 178, 80, 112, 100, 55, 99, 25, 61, 131, 4, 196, 66, 116, 39, 197, 169, 52, 69, 148, 38, 189, 188, 9, 141, 0, 94, 31, 166, 174, 58, 75, 7, 98, 96, 90]
[128, 27, 157, 92, 121, 72, 84, 10, 2, 28, 135, 97, 173, 11, 160, 70, 106, 89, 20, 122, 67, 110, 193, 68, 149, 133, 180, 48, 85, 137, 165, 107, 151, 37, 19, 79, 29, 74, 126, 123, 64, 172, 138, 190, 153, 142, 176, 163, 49, 158, 139, 102, 76, 152, 143, 54, 103, 170, 87, 21, 22, 192, 159, 23, 161, 136, 18, 150, 134, 129, 43, 199, 101, 91, 118, 95, 35, 147, 40, 191, 16, 186, 125, 62, 30, 47, 109, 41, 108, 1, 12, 154, 77, 44, 17, 104, 15, 182, 105, 117, 184, 42, 88, 86, 113, 167, 132, 65, 144, 164, 73, 59, 185, 195, 115, 51, 162, 53, 114, 57, 83, 6, 56, 93, 179, 175, 60, 177, 130, 198, 156, 171, 34, 26, 8, 45, 145, 24, 33, 168, 71, 36, 183, 140, 46, 187, 78, 178, 80, 112, 100, 55, 99, 25, 61, 131, 4, 196, 66, 116, 39, 197, 169, 52, 69, 148, 38, 189, 188, 9, 141, 0, 94, 31, 166, 174, 58, 75, 7, 98, 96, 90]
[128, 27, 157, 92, 121, 72, 84, 10, 2, 28, 135, 97, 173, 11, 160, 70, 106, 89, 20, 122, 67, 110, 193, 68, 149, 133, 180, 48, 85, 137, 165, 107, 151, 37, 19, 79, 29, 74, 126, 123, 64, 172, 138, 190, 153, 142, 176, 163, 49, 158, 139, 102, 76, 152, 143, 54, 103, 170, 87, 21, 22, 192, 159, 23, 161, 136, 18, 150, 134, 129, 43, 199, 101, 91, 118, 95, 35, 147, 40, 191, 16, 186, 125, 62, 30, 194, 47, 109, 41, 108, 1, 12, 154, 77, 44, 17, 104, 15, 182, 105, 117, 184, 42, 88, 86, 113, 167, 132, 65, 144, 164, 73, 59, 185, 195, 115, 51, 162, 53, 114, 57, 83, 6, 56, 93, 179, 175, 60, 177, 130, 198, 156, 171, 34, 26, 8, 45, 145, 24, 33, 168, 71, 36, 183, 140, 46, 187, 78, 178, 80, 112, 100, 55, 99, 25, 61, 131, 4, 196, 66, 116, 39, 197, 169, 52, 69, 148, 38, 189, 188, 9, 141, 0, 94, 31, 166, 174, 58, 75, 7, 98, 96, 90]
[128, 27, 157, 92, 121, 72, 84, 10, 2, 28, 135, 97, 173, 11, 160, 70, 106, 89, 20, 122, 67, 110, 193, 68, 149, 133, 180, 48, 85, 137, 165, 107, 151, 37, 19, 79, 29, 74, 126, 123, 64, 172, 138, 190, 153, 142, 176, 163, 49, 158, 139, 102, 76, 152, 143, 54, 103, 170, 87, 21, 22, 192, 159, 23, 161, 136, 18, 150, 134, 129, 43, 199, 101, 91, 118, 95, 35, 147, 40, 191, 16, 186, 125, 62, 30, 194, 155, 47, 109, 41, 108, 1, 12, 154, 77, 44, 17, 104, 15, 182, 105, 117, 184, 42, 88, 86, 113, 167, 132, 65, 144, 164, 73, 59, 185, 195, 115, 51, 162, 53, 114, 57, 83, 6, 56, 93, 179, 175, 60, 177, 130, 198, 156, 171, 34, 26, 8, 45, 145, 24, 33, 168, 71, 36, 183, 140, 46, 187, 78, 178, 80, 112, 100, 55, 99, 25, 61, 131, 4, 196, 66, 116, 39, 197, 169, 52, 69, 148, 38, 189, 188, 9, 141, 0, 94, 31, 166, 174, 58, 75, 7, 98, 96, 90]
[128, 27, 157, 92, 121, 72, 84, 10, 2, 28, 135, 97, 173, 11, 160, 70, 106, 89, 20, 122, 67, 110, 193, 68, 149, 133, 180, 48, 85, 137, 165, 107, 151, 37, 19, 79, 29, 74, 126, 123, 64, 172, 138, 190, 153, 142, 176, 163, 49, 158, 139, 102, 76, 152, 143, 54, 103, 170, 87, 21, 22, 192, 159, 23, 161, 136, 18, 150, 134, 129, 43, 199, 101, 91, 118, 95, 35, 147, 40, 191, 16, 186, 125, 62, 30, 194, 155, 47, 109, 41, 119, 108, 1, 12, 154, 77, 44, 17, 104, 15, 182, 105, 117, 184, 42, 88, 86, 113, 167, 132, 65, 144, 164, 73, 59, 185, 195, 115, 51, 162, 53, 114, 57, 83, 6, 56, 93, 179, 175, 60, 177, 130, 198, 156, 171, 34, 26, 8, 45, 145, 24, 33, 168, 71, 36, 183, 140, 46, 187, 78, 178, 80, 112, 100, 55, 99, 25, 61, 131, 4, 196, 66, 116, 39, 197, 169, 52, 69, 148, 38, 189, 188, 9, 141, 0, 94, 31, 166, 174, 58, 75, 7, 98, 96, 90]
[128, 27, 157, 92, 121, 72, 84, 10, 2, 28, 135, 97, 173, 11, 160, 70, 106, 89, 20, 122, 67, 110, 193, 68, 149, 133, 180, 48, 85, 137, 165, 107, 151, 37, 19, 79, 29, 74, 126, 123, 64, 172, 138, 190, 153, 142, 176, 163, 49, 158, 139, 102, 76, 152, 143, 54, 103, 170, 87, 21, 22, 192, 159, 23, 161, 136, 18, 150, 134, 129, 43, 199, 101, 91, 118, 95, 35, 147, 40, 191, 16, 186, 125, 62, 30, 194, 155, 47, 109, 41, 119, 124, 108, 1, 12, 154, 77, 44, 17, 104, 15, 182, 105, 117, 184, 42, 88, 86, 113, 167, 132, 65, 144, 164, 73, 59, 185, 195, 115, 51, 162, 53, 114, 57, 83, 6, 56, 93, 179, 175, 60, 177, 130, 198, 156, 171, 34, 26, 8, 45, 145, 24, 33, 168, 71, 36, 183, 140, 46, 187, 78, 178, 80, 112, 100, 55, 99, 25, 61, 131, 4, 196, 66, 116, 39, 197, 169, 52, 69, 148, 38, 189, 188, 9, 141, 0, 94, 31, 166, 174, 58, 75, 7, 98, 96, 90]
[128, 27, 157, 92, 121, 72, 84, 10, 2, 28, 135, 97, 173, 11, 160, 70, 106, 89, 20, 122, 67, 110, 193, 68, 149, 133, 180, 48, 85, 137, 165, 107, 151, 37, 19, 79, 29, 74, 126, 123, 64, 172, 138, 190, 153, 142, 176, 163, 49, 158, 139, 102, 76, 152, 143, 54, 103, 170, 87, 21, 22, 192, 159, 23, 161, 136, 18, 150, 134, 129, 43, 199, 101, 91, 118, 95, 35, 147, 40, 191, 16, 186, 125, 62, 30, 194, 155, 47, 109, 41, 119, 124, 13, 108, 1, 12, 154, 77, 44, 17, 104, 15, 182, 105, 117, 184, 42, 88, 86, 113, 167, 132, 65, 144, 164, 73, 59, 185, 195, 115, 51, 162, 53, 114, 57, 83, 6, 56, 93, 179, 175, 60, 177, 130, 198, 156, 171, 34, 26, 8, 45, 145, 24, 33, 168, 71, 36, 183, 140, 46, 187, 78, 178, 80, 112, 100, 55, 99, 25, 61, 131, 4, 196, 66, 116, 39, 197, 169, 52, 69, 148, 38, 189, 188, 9, 141, 0, 94, 31, 166, 174, 58, 75, 7, 98, 96, 90]
[128, 27, 157, 92, 121, 72, 84, 10, 2, 28, 135, 97, 173, 11, 160, 70, 106, 89, 20, 122, 67, 110, 193, 68, 149, 133, 180, 48, 85, 137, 165, 107, 151, 37, 19, 79, 29, 74, 126, 123, 64, 172, 138, 190, 153, 142, 176, 163, 49, 158, 139, 102, 76, 152, 143, 54, 103, 170, 87, 21, 22, 192, 159, 23, 161, 136, 18, 150, 134, 129, 43, 199, 101, 91, 118, 95, 35, 147, 40, 191, 16, 186, 125, 62, 30, 194, 155, 47, 109, 41, 119, 124, 13, 63, 108, 1, 12, 154, 77, 44, 17, 104, 15, 182, 105, 117, 184, 42, 88, 86, 113, 167, 132, 65, 144, 164, 73, 59, 185, 195, 115, 51, 162, 53, 114, 57, 83, 6, 56, 93, 179, 175, 60, 177, 130, 198, 156, 171, 34, 26, 8, 45, 145, 24, 33, 168, 71, 36, 183, 140, 46, 187, 78, 178, 80, 112, 100, 55, 99, 25, 61, 131, 4, 196, 66, 116, 39, 197, 169, 52, 69, 148, 38, 189, 188, 9, 141, 0, 94, 31, 166, 174, 58, 75, 7, 98, 96, 90]
[128, 27, 157, 92, 121, 72, 84, 10, 2, 28, 135, 97, 173, 11, 160, 70, 106, 89, 20, 122, 67, 110, 193, 68, 149, 133, 180, 48, 85, 137, 165, 107, 151, 37, 19, 79, 29, 74, 126, 123, 64, 172, 138, 190, 153, 142, 176, 163, 49, 158, 139, 102, 76, 152, 143, 54, 103, 170, 87, 21, 22, 192, 159, 23, 161, 136, 18, 150, 134, 129, 43, 199, 101, 91, 118, 95, 35, 147, 40, 191, 16, 186, 125, 62, 30, 194, 155, 47, 109, 41, 119, 124, 13, 63, 81, 108, 1, 12, 154, 77, 44, 17, 104, 15, 182, 105, 117, 184, 42, 88, 86, 113, 167, 132, 65, 144, 164, 73, 59, 185, 195, 115, 51, 162, 53, 114, 57, 83, 6, 56, 93, 179, 175, 60, 177, 130, 198, 156, 171, 34, 26, 8, 45, 145, 24, 33, 168, 71, 36, 183, 140, 46, 187, 78, 178, 80, 112, 100, 55, 99, 25, 61, 131, 4, 196, 66, 116, 39, 197, 169, 52, 69, 148, 38, 189, 188, 9, 141, 0, 94, 31, 166, 174, 58, 75, 7, 98, 96, 90]
[128, 27, 157, 92, 121, 72, 84, 10, 2, 28, 135, 97, 173, 11, 160, 70, 106, 89, 20, 122, 67, 110, 193, 68, 149, 133, 180, 48, 85, 137, 165, 107, 151, 37, 19, 79, 29, 74, 126, 123, 64, 172, 138, 190, 153, 142, 176, 163, 49, 158, 139, 102, 76, 152, 143, 54, 103, 170, 87, 21, 22, 192, 159, 23, 161, 136, 18, 150, 134, 129, 43, 199, 101, 91, 118, 95, 35, 147, 40, 191, 16, 186, 125, 62, 30, 194, 155, 120, 47, 109, 41, 119, 124, 13, 63, 81, 108, 1, 12, 154, 77, 44, 17, 104, 15, 182, 105, 117, 184, 42, 88, 86, 113, 167, 132, 65, 144, 164, 73, 59, 185, 195, 115, 51, 162, 53, 114, 57, 83, 6, 56, 93, 179, 175, 60, 177, 130, 198, 156, 171, 34, 26, 8, 45, 145, 24, 33, 168, 71, 36, 183, 140, 46, 187, 78, 178, 80, 112, 100, 55, 99, 25, 61, 131, 4, 196, 66, 116, 39, 197, 169, 52, 69, 148, 38, 189, 188, 9, 141, 0, 94, 31, 166, 174, 58, 75, 7, 98, 96, 90]
[128, 27, 157, 92, 121, 72, 84, 10, 2, 28, 135, 97, 173, 11, 160, 70, 106, 89, 20, 122, 67, 110, 193, 68, 149, 133, 180, 48, 85, 137, 165, 107, 151, 37, 19, 79, 29, 74, 126, 123, 64, 172, 138, 190, 153, 142, 176, 163, 49, 158, 139, 102, 76, 152, 143, 54, 103, 170, 87, 21, 22, 192, 159, 23, 161, 136, 18, 150, 134, 129, 43, 199, 101, 91, 118, 95, 35, 147, 40, 191, 16, 186, 125, 62, 30, 194, 155, 120, 47, 109, 41, 119, 124, 13, 63, 32, 81, 108, 1, 12, 154, 77, 44, 17, 104, 15, 182, 105, 117, 184, 42, 88, 86, 113, 167, 132, 65, 144, 164, 73, 59, 185, 195, 115, 51, 162, 53, 114, 57, 83, 6, 56, 93, 179, 175, 60, 177, 130, 198, 156, 171, 34, 26, 8, 45, 145, 24, 33, 168, 71, 36, 183, 140, 46, 187, 78, 178, 80, 112, 100, 55, 99, 25, 61, 131, 4, 196, 66, 116, 39, 197, 169, 52, 69, 148, 38, 189, 188, 9, 141, 0, 94, 31, 166, 174, 58, 75, 7, 98, 96, 90]
[128, 27, 157, 92, 121, 72, 84, 10, 2, 28, 135, 97, 173, 11, 160, 70, 106, 89, 20, 122, 67, 110, 193, 68, 149, 133, 180, 48, 85, 137, 165, 107, 151, 37, 19, 79, 29, 74, 126, 123, 64, 172, 138, 190, 153, 142, 176, 163, 49, 158, 139, 102, 76, 152, 143, 54, 103, 170, 87, 21, 22, 192, 159, 23, 161, 136, 18, 150, 134, 129, 43, 199, 101, 91, 118, 95, 35, 147, 40, 191, 16, 186, 125, 62, 30, 194, 155, 120, 47, 109, 41, 119, 124, 13, 63, 32, 146, 81, 108, 1, 12, 154, 77, 44, 17, 104, 15, 182, 105, 117, 184, 42, 88, 86, 113, 167, 132, 65, 144, 164, 73, 59, 185, 195, 115, 51, 162, 53, 114, 57, 83, 6, 56, 93, 179, 175, 60, 177, 130, 198, 156, 171, 34, 26, 8, 45, 145, 24, 33, 168, 71, 36, 183, 140, 46, 187, 78, 178, 80, 112, 100, 55, 99, 25, 61, 131, 4, 196, 66, 116, 39, 197, 169, 52, 69, 148, 38, 189, 188, 9, 141, 0, 94, 31, 166, 174, 58, 75, 7, 98, 96, 90]
[128, 27, 157, 92, 121, 72, 84, 10, 2, 28, 135, 97, 173, 11, 160, 70, 106, 89, 20, 122, 67, 110, 193, 68, 149, 133, 180, 48, 85, 137, 165, 107, 151, 37, 19, 79, 29, 74, 126, 123, 64, 172, 138, 190, 153, 142, 176, 163, 49, 158, 139, 102, 76, 152, 143, 54, 103, 170, 87, 21, 22, 192, 159, 23, 161, 136, 18, 150, 134, 129, 43, 199, 101, 91, 118, 95, 35, 147, 40, 191, 16, 186, 125, 62, 30, 194, 155, 120, 47, 109, 41, 119, 124, 13, 63, 32, 14, 146, 81, 108, 1, 12, 154, 77, 44, 17, 104, 15, 182, 105, 117, 184, 42, 88, 86, 113, 167, 132, 65, 144, 164, 73, 59, 185, 195, 115, 51, 162, 53, 114, 57, 83, 6, 56, 93, 179, 175, 60, 177, 130, 198, 156, 171, 34, 26, 8, 45, 145, 24, 33, 168, 71, 36, 183, 140, 46, 187, 78, 178, 80, 112, 100, 55, 99, 25, 61, 131, 4, 196, 66, 116, 39, 197, 169, 52, 69, 148, 38, 189, 188, 9, 141, 0, 94, 31, 166, 174, 58, 75, 7, 98, 96, 90]
[128, 27, 157, 92, 121, 72, 84, 10, 2, 28, 135, 97, 173, 11, 160, 70, 106, 89, 20, 122, 67, 110, 193, 68, 149, 133, 180, 48, 85, 137, 165, 107, 151, 37, 19, 79, 29, 74, 126, 123, 64, 172, 138, 190, 153, 142, 176, 163, 49, 158, 139, 102, 76, 152, 143, 54, 103, 170, 87, 21, 22, 192, 159, 23, 161, 136, 18, 150, 134, 129, 43, 199, 101, 91, 118, 95, 35, 147, 40, 191, 16, 186, 125, 62, 30, 194, 155, 120, 47, 109, 41, 119, 124, 13, 63, 32, 14, 111, 146, 81, 108, 1, 12, 154, 77, 44, 17, 104, 15, 182, 105, 117, 184, 42, 88, 86, 113, 167, 132, 65, 144, 164, 73, 59, 185, 195, 115, 51, 162, 53, 114, 57, 83, 6, 56, 93, 179, 175, 60, 177, 130, 198, 156, 171, 34, 26, 8, 45, 145, 24, 33, 168, 71, 36, 183, 140, 46, 187, 78, 178, 80, 112, 100, 55, 99, 25, 61, 131, 4, 196, 66, 116, 39, 197, 169, 52, 69, 148, 38, 189, 188, 9, 141, 0, 94, 31, 166, 174, 58, 75, 7, 98, 96, 90]
[128, 27, 157, 92, 121, 72, 84, 10, 2, 28, 135, 97, 173, 11, 160, 70, 106, 89, 20, 122, 67, 110, 193, 68, 149, 133, 180, 48, 85, 137, 165, 107, 151, 37, 19, 79, 29, 74, 126, 123, 64, 172, 138, 190, 153, 142, 176, 163, 49, 158, 139, 102, 76, 152, 143, 54, 103, 170, 87, 21, 22, 192, 159, 23, 161, 136, 18, 150, 134, 129, 43, 199, 101, 91, 118, 95, 35, 147, 40, 191, 16, 186, 125, 62, 30, 194, 155, 120, 47, 109, 41, 119, 124, 13, 63, 32, 14, 111, 127, 146, 81, 108, 1, 12, 154, 77, 44, 17, 104, 15, 182, 105, 117, 184, 42, 88, 86, 113, 167, 132, 65, 144, 164, 73, 59, 185, 195, 115, 51, 162, 53, 114, 57, 83, 6, 56, 93, 179, 175, 60, 177, 130, 198, 156, 171, 34, 26, 8, 45, 145, 24, 33, 168, 71, 36, 183, 140, 46, 187, 78, 178, 80, 112, 100, 55, 99, 25, 61, 131, 4, 196, 66, 116, 39, 197, 169, 52, 69, 148, 38, 189, 188, 9, 141, 0, 94, 31, 166, 174, 58, 75, 7, 98, 96, 90]
[128, 27, 157, 92, 121, 72, 84, 10, 2, 28, 135, 97, 173, 11, 160, 70, 106, 89, 20, 122, 67, 110, 193, 68, 149, 133, 180, 48, 85, 137, 165, 107, 151, 37, 19, 79, 29, 74, 126, 123, 64, 172, 138, 190, 153, 142, 176, 163, 49, 158, 139, 102, 76, 152, 143, 54, 103, 170, 87, 21, 22, 192, 159, 23, 161, 136, 18, 150, 134, 129, 43, 199, 101, 91, 118, 95, 35, 147, 40, 191, 16, 186, 125, 62, 30, 194, 155, 120, 47, 109, 41, 119, 124, 13, 63, 32, 5, 14, 111, 127, 146, 81, 108, 1, 12, 154, 77, 44, 17, 104, 15, 182, 105, 117, 184, 42, 88, 86, 113, 167, 132, 65, 144, 164, 73, 59, 185, 195, 115, 51, 162, 53, 114, 57, 83, 6, 56, 93, 179, 175, 60, 177, 130, 198, 156, 171, 34, 26, 8, 45, 145, 24, 33, 168, 71, 36, 183, 140, 46, 187, 78, 178, 80, 112, 100, 55, 99, 25, 61, 131, 4, 196, 66, 116, 39, 197, 169, 52, 69, 148, 38, 189, 188, 9, 141, 0, 94, 31, 166, 174, 58, 75, 7, 98, 96, 90]
[128, 27, 157, 92, 121, 72, 84, 10, 2, 28, 135, 97, 173, 11, 160, 70, 106, 89, 20, 122, 67, 110, 193, 68, 149, 133, 180, 48, 85, 137, 165, 107, 151, 37, 19, 79, 29, 74, 126, 123, 64, 172, 138, 190, 153, 142, 176, 163, 49, 158, 139, 102, 76, 152, 143, 54, 103, 170, 87, 21, 22, 192, 159, 23, 161, 136, 18, 150, 134, 129, 43, 199, 101, 91, 118, 95, 35, 147, 40, 191, 16, 186, 125, 62, 30, 194, 155, 120, 47, 109, 41, 119, 124, 13, 63, 32, 82, 5, 14, 111, 127, 146, 81, 108, 1, 12, 154, 77, 44, 17, 104, 15, 182, 105, 117, 184, 42, 88, 86, 113, 167, 132, 65, 144, 164, 73, 59, 185, 195, 115, 51, 162, 53, 114, 57, 83, 6, 56, 93, 179, 175, 60, 177, 130, 198, 156, 171, 34, 26, 8, 45, 145, 24, 33, 168, 71, 36, 183, 140, 46, 187, 78, 178, 80, 112, 100, 55, 99, 25, 61, 131, 4, 196, 66, 116, 39, 197, 169, 52, 69, 148, 38, 189, 188, 9, 141, 0, 94, 31, 166, 174, 58, 75, 7, 98, 96, 90]
[128, 27, 157, 92, 121, 72, 84, 10, 2, 28, 135, 97, 173, 11, 160, 70, 106, 89, 20, 122, 67, 110, 193, 68, 149, 133, 180, 48, 85, 137, 165, 107, 151, 37, 19, 79, 29, 74, 126, 123, 64, 172, 138, 190, 153, 142, 176, 163, 49, 158, 139, 102, 76, 152, 143, 54, 103, 170, 87, 21, 22, 192, 159, 23, 161, 136, 18, 150, 134, 129, 43, 199, 101, 91, 118, 95, 35, 147, 40, 191, 16, 186, 125, 62, 30, 194, 155, 120, 47, 109, 41, 119, 124, 13, 63, 32, 181, 82, 5, 14, 111, 127, 146, 81, 108, 1, 12, 154, 77, 44, 17, 104, 15, 182, 105, 117, 184, 42, 88, 86, 113, 167, 132, 65, 144, 164, 73, 59, 185, 195, 115, 51, 162, 53, 114, 57, 83, 6, 56, 93, 179, 175, 60, 177, 130, 198, 156, 171, 34, 26, 8, 45, 145, 24, 33, 168, 71, 36, 183, 140, 46, 187, 78, 178, 80, 112, 100, 55, 99, 25, 61, 131, 4, 196, 66, 116, 39, 197, 169, 52, 69, 148, 38, 189, 188, 9, 141, 0, 94, 31, 166, 174, 58, 75, 7, 98, 96, 90]
[128, 27, 157, 92, 121, 72, 84, 10, 2, 28, 135, 97, 173, 11, 160, 70, 106, 89, 20, 122, 67, 110, 193, 68, 149, 133, 180, 48, 85, 137, 165, 107, 151, 37, 19, 79, 29, 74, 126, 123, 64, 172, 138, 190, 153, 142, 176, 163, 49, 158, 139, 102, 76, 152, 143, 54, 103, 170, 87, 21, 22, 192, 159, 23, 161, 136, 18, 150, 134, 129, 43, 199, 101, 91, 118, 95, 35, 147, 40, 191, 16, 186, 125, 62, 30, 194, 155, 120, 47, 109, 41, 119, 124, 13, 63, 32, 181, 82, 3, 5, 14, 111, 127, 146, 81, 108, 1, 12, 154, 77, 44, 17, 104, 15, 182, 105, 117, 184, 42, 88, 86, 113, 167, 132, 65, 144, 164, 73, 59, 185, 195, 115, 51, 162, 53, 114, 57, 83, 6, 56, 93, 179, 175, 60, 177, 130, 198, 156, 171, 34, 26, 8, 45, 145, 24, 33, 168, 71, 36, 183, 140, 46, 187, 78, 178, 80, 112, 100, 55, 99, 25, 61, 131, 4, 196, 66, 116, 39, 197, 169, 52, 69, 148, 38, 189, 188, 9, 141, 0, 94, 31, 166, 174, 58, 75, 7, 98, 96, 90]
[128, 27, 157, 92, 121, 72, 84, 10, 2, 28, 135, 97, 173, 11, 160, 70, 106, 89, 20, 122, 67, 110, 193, 68, 149, 133, 180, 48, 85, 137, 165, 107, 151, 37, 19, 79, 29, 74, 126, 123, 64, 172, 138, 190, 153, 142, 176, 163, 49, 158, 139, 102, 76, 152, 143, 54, 103, 170, 87, 21, 22, 192, 159, 23, 161, 136, 18, 150, 134, 129, 43, 199, 101, 91, 118, 95, 35, 147, 40, 191, 16, 186, 125, 62, 30, 194, 50, 155, 120, 47, 109, 41, 119, 124, 13, 63, 32, 181, 82, 3, 5, 14, 111, 127, 146, 81, 108, 1, 12, 154, 77, 44, 17, 104, 15, 182, 105, 117, 184, 42, 88, 86, 113, 167, 132, 65, 144, 164, 73, 59, 185, 195, 115, 51, 162, 53, 114, 57, 83, 6, 56, 93, 179, 175, 60, 177, 130, 198, 156, 171, 34, 26, 8, 45, 145, 24, 33, 168, 71, 36, 183, 140, 46, 187, 78, 178, 80, 112, 100, 55, 99, 25, 61, 131, 4, 196, 66, 116, 39, 197, 169, 52, 69, 148, 38, 189, 188, 9, 141, 0, 94, 31, 166, 174, 58, 75, 7, 98, 96, 90]
cheapestInsertionOttimizzato costo: 35811.97, qualit: 1.2166, tempo: 0.280873 secondi
cheapestInsertion  costo: 35820.19, qualit: 1.2168, tempo: 0.177004 secondi
Optimal 29437
