
_________________
kroB200
[128, 27, 90]
[128, 27, 157, 90]
[128, 27, 157, 2, 90]
[128, 27, 157, 10, 2, 90]
[128, 27, 157, 92, 10, 2, 90]
[128, 27, 157, 92, 10, 2, 7, 90]
[128, 27, 157, 92, 10, 2, 7, 98, 90]
[128, 27, 157, 92, 10, 2, 7, 98, 96, 90]
[128, 27, 157, 92, 10, 2, 28, 7, 98, 96, 90]
[128, 27, 157, 92, 10, 2, 28, 135, 7, 98, 96, 90]
[128, 27, 157, 92, 10, 2, 28, 135, 75, 7, 98, 96, 90]
[128, 27, 157, 92, 10, 2, 28, 135, 58, 75, 7, 98, 96, 90]
[128, 27, 157, 92, 10, 2, 28, 135, 166, 58, 75, 7, 98, 96, 90]
[128, 27, 157, 92, 10, 2, 28, 135, 166, 174, 58, 75, 7, 98, 96, 90]
[128, 27, 157, 92, 10, 2, 28, 135, 31, 166, 174, 58, 75, 7, 98, 96, 90]
[128, 27, 157, 92, 121, 10, 2, 28, 135, 31, 166, 174, 58, 75, 7, 98, 96, 90]
[128, 27, 157, 92, 121, 84, 10, 2, 28, 135, 31, 166, 174, 58, 75, 7, 98, 96, 90]
[128, 27, 157, 92, 121, 72, 84, 10, 2, 28, 135, 31, 166, 174, 58, 75, 7, 98, 96, 90]
[128, 27, 157, 92, 121, 72, 84, 10, 2, 28, 135, 97, 31, 166, 174, 58, 75, 7, 98, 96, 90]
[128, 27, 157, 92, 121, 72, 84, 10, 2, 28, 135, 97, 173, 31, 166, 174, 58, 75, 7, 98, 96, 90]
[128, 27, 157, 92, 121, 72, 84, 10, 2, 28, 135, 97, 173, 11, 31, 166, 174, 58, 75, 7, 98, 96, 90]
[128, 27, 157, 92, 121, 72, 84, 10, 2, 28, 135, 97, 173, 11, 106, 31, 166, 174, 58, 75, 7, 98, 96, 90]
[128, 27, 157, 92, 121, 72, 84, 10, 2, 28, 135, 97, 173, 11, 160, 106, 31, 166, 174, 58, 75, 7, 98, 96, 90]
[128, 27, 157, 92, 121, 72, 84, 10, 2, 28, 135, 97, 173, 11, 160, 70, 106, 31, 166, 174, 58, 75, 7, 98, 96, 90]
[128, 27, 157, 92, 121, 72, 84, 10, 2, 28, 135, 97, 0, 173, 11, 160, 70, 106, 31, 166, 174, 58, 75, 7, 98, 96, 90]
[128, 27, 157, 92, 121, 72, 84, 10, 2, 28, 135, 97, 94, 0, 173, 11, 160, 70, 106, 31, 166, 174, 58, 75, 7, 98, 96, 90]
[128, 27, 157, 92, 121, 72, 84, 10, 2, 28, 135, 97, 94, 0, 89, 173, 11, 160, 70, 106, 31, 166, 174, 58, 75, 7, 98, 96, 90]
[128, 27, 157, 92, 121, 72, 84, 10, 2, 28, 135, 97, 94, 0, 20, 89, 173, 11, 160, 70, 106, 31, 166, 174, 58, 75, 7, 98, 96, 90]
[128, 27, 157, 92, 121, 72, 84, 10, 2, 28, 135, 97, 94, 0, 122, 20, 89, 173, 11, 160, 70, 106, 31, 166, 174, 58, 75, 7, 98, 96, 90]
[128, 27, 157, 92, 121, 72, 84, 10, 2, 28, 135, 97, 94, 0, 141, 122, 20, 89, 173, 11, 160, 70, 106, 31, 166, 174, 58, 75, 7, 98, 96, 90]
[128, 27, 157, 92, 121, 72, 84, 10, 2, 28, 135, 97, 94, 0, 141, 9, 122, 20, 89, 173, 11, 160, 70, 106, 31, 166, 174, 58, 75, 7, 98, 96, 90]
[128, 27, 157, 92, 121, 72, 84, 10, 2, 28, 135, 97, 94, 0, 141, 9, 67, 122, 20, 89, 173, 11, 160, 70, 106, 31, 166, 174, 58, 75, 7, 98, 96, 90]
[128, 27, 157, 92, 121, 72, 84, 10, 2, 28, 135, 97, 94, 0, 141, 9, 110, 67, 122, 20, 89, 173, 11, 160, 70, 106, 31, 166, 174, 58, 75, 7, 98, 96, 90]
[128, 27, 157, 92, 121, 72, 84, 10, 2, 28, 135, 97, 94, 0, 141, 9, 188, 110, 67, 122, 20, 89, 173, 11, 160, 70, 106, 31, 166, 174, 58, 75, 7, 98, 96, 90]
[128, 27, 157, 92, 121, 72, 84, 10, 2, 28, 135, 97, 94, 0, 141, 9, 188, 189, 110, 67, 122, 20, 89, 173, 11, 160, 70, 106, 31, 166, 174, 58, 75, 7, 98, 96, 90]
[128, 27, 157, 92, 121, 72, 84, 10, 2, 28, 135, 97, 94, 0, 141, 9, 188, 189, 116, 110, 67, 122, 20, 89, 173, 11, 160, 70, 106, 31, 166, 174, 58, 75, 7, 98, 96, 90]
[128, 27, 157, 92, 121, 72, 84, 10, 2, 28, 135, 97, 94, 0, 141, 9, 188, 189, 39, 116, 110, 67, 122, 20, 89, 173, 11, 160, 70, 106, 31, 166, 174, 58, 75, 7, 98, 96, 90]
[128, 27, 157, 92, 121, 72, 84, 10, 2, 28, 135, 97, 94, 0, 141, 9, 188, 189, 38, 39, 116, 110, 67, 122, 20, 89, 173, 11, 160, 70, 106, 31, 166, 174, 58, 75, 7, 98, 96, 90]
[128, 27, 157, 92, 121, 72, 84, 10, 2, 28, 135, 97, 94, 0, 141, 9, 188, 189, 38, 69, 39, 116, 110, 67, 122, 20, 89, 173, 11, 160, 70, 106, 31, 166, 174, 58, 75, 7, 98, 96, 90]
[128, 27, 157, 92, 121, 72, 84, 10, 2, 28, 135, 97, 94, 0, 141, 9, 188, 189, 38, 148, 69, 39, 116, 110, 67, 122, 20, 89, 173, 11, 160, 70, 106, 31, 166, 174, 58, 75, 7, 98, 96, 90]
[128, 27, 157, 92, 121, 72, 84, 10, 2, 28, 135, 97, 94, 0, 141, 9, 188, 189, 38, 148, 69, 197, 39, 116, 110, 67, 122, 20, 89, 173, 11, 160, 70, 106, 31, 166, 174, 58, 75, 7, 98, 96, 90]
[128, 27, 157, 92, 121, 72, 84, 10, 2, 28, 135, 97, 94, 0, 141, 9, 188, 189, 38, 169, 148, 69, 197, 39, 116, 110, 67, 122, 20, 89, 173, 11, 160, 70, 106, 31, 166, 174, 58, 75, 7, 98, 96, 90]
[128, 27, 157, 92, 121, 72, 84, 10, 2, 28, 135, 97, 94, 0, 141, 9, 188, 189, 38, 169, 52, 148, 69, 197, 39, 116, 110, 67, 122, 20, 89, 173, 11, 160, 70, 106, 31, 166, 174, 58, 75, 7, 98, 96, 90]
[128, 27, 157, 92, 121, 72, 84, 10, 2, 28, 135, 97, 94, 0, 141, 9, 188, 189, 38, 169, 52, 148, 69, 197, 39, 116, 193, 110, 67, 122, 20, 89, 173, 11, 160, 70, 106, 31, 166, 174, 58, 75, 7, 98, 96, 90]
[128, 27, 157, 92, 121, 72, 84, 10, 2, 28, 135, 97, 94, 0, 141, 9, 188, 189, 38, 169, 52, 148, 69, 197, 39, 116, 131, 193, 110, 67, 122, 20, 89, 173, 11, 160, 70, 106, 31, 166, 174, 58, 75, 7, 98, 96, 90]
[128, 27, 157, 92, 121, 72, 84, 10, 2, 28, 135, 97, 94, 0, 141, 9, 188, 189, 38, 169, 52, 148, 69, 197, 39, 116, 4, 131, 193, 110, 67, 122, 20, 89, 173, 11, 160, 70, 106, 31, 166, 174, 58, 75, 7, 98, 96, 90]
[128, 27, 157, 92, 121, 72, 84, 10, 2, 28, 135, 97, 94, 0, 141, 9, 188, 189, 38, 169, 52, 148, 69, 197, 39, 116, 196, 4, 131, 193, 110, 67, 122, 20, 89, 173, 11, 160, 70, 106, 31, 166, 174, 58, 75, 7, 98, 96, 90]
[128, 27, 157, 92, 121, 72, 84, 10, 2, 28, 135, 97, 94, 0, 141, 9, 188, 189, 38, 169, 52, 148, 69, 197, 39, 116, 66, 196, 4, 131, 193, 110, 67, 122, 20, 89, 173, 11, 160, 70, 106, 31, 166, 174, 58, 75, 7, 98, 96, 90]
[128, 27, 157, 92, 121, 72, 84, 10, 2, 28, 135, 97, 94, 0, 141, 9, 188, 189, 38, 169, 52, 148, 69, 197, 39, 116, 66, 196, 4, 131, 61, 193, 110, 67, 122, 20, 89, 173, 11, 160, 70, 106, 31, 166, 174, 58, 75, 7, 98, 96, 90]
[128, 27, 157, 92, 121, 72, 84, 10, 2, 28, 135, 97, 94, 0, 141, 9, 188, 189, 38, 169, 52, 148, 69, 197, 39, 116, 66, 196, 4, 131, 61, 25, 193, 110, 67, 122, 20, 89, 173, 11, 160, 70, 106, 31, 166, 174, 58, 75, 7, 98, 96, 90]
[128, 27, 157, 92, 121, 72, 84, 10, 2, 28, 135, 97, 94, 0, 141, 9, 188, 189, 38, 169, 52, 148, 69, 197, 39, 116, 66, 196, 4, 131, 61, 25, 68, 193, 110, 67, 122, 20, 89, 173, 11, 160, 70, 106, 31, 166, 174, 58, 75, 7, 98, 96, 90]
[128, 27, 157, 92, 121, 72, 84, 10, 2, 28, 135, 97, 94, 0, 141, 9, 188, 189, 38, 169, 52, 148, 69, 197, 39, 116, 66, 196, 4, 131, 61, 25, 149, 68, 193, 110, 67, 122, 20, 89, 173, 11, 160, 70, 106, 31, 166, 174, 58, 75, 7, 98, 96, 90]
[128, 27, 157, 92, 121, 72, 84, 10, 2, 28, 135, 97, 94, 0, 141, 9, 188, 189, 38, 169, 52, 148, 69, 197, 39, 116, 66, 196, 4, 131, 61, 25, 100, 149, 68, 193, 110, 67, 122, 20, 89, 173, 11, 160, 70, 106, 31, 166, 174, 58, 75, 7, 98, 96, 90]
[128, 27, 157, 92, 121, 72, 84, 10, 2, 28, 135, 97, 94, 0, 141, 9, 188, 189, 38, 169, 52, 148, 69, 197, 39, 116, 66, 196, 4, 131, 61, 25, 99, 100, 149, 68, 193, 110, 67, 122, 20, 89, 173, 11, 160, 70, 106, 31, 166, 174, 58, 75, 7, 98, 96, 90]
[128, 27, 157, 92, 121, 72, 84, 10, 2, 28, 135, 97, 94, 0, 141, 9, 188, 189, 38, 169, 52, 148, 69, 197, 39, 116, 66, 196, 4, 131, 61, 25, 99, 55, 100, 149, 68, 193, 110, 67, 122, 20, 89, 173, 11, 160, 70, 106, 31, 166, 174, 58, 75, 7, 98, 96, 90]
[128, 27, 157, 92, 121, 72, 84, 10, 2, 28, 135, 97, 94, 0, 141, 9, 188, 189, 38, 169, 52, 148, 69, 197, 39, 116, 66, 196, 4, 131, 61, 25, 99, 55, 100, 74, 149, 68, 193, 110, 67, 122, 20, 89, 173, 11, 160, 70, 106, 31, 166, 174, 58, 75, 7, 98, 96, 90]
[128, 27, 157, 92, 121, 72, 84, 10, 2, 28, 135, 97, 94, 0, 141, 9, 188, 189, 38, 169, 52, 148, 69, 197, 39, 116, 66, 196, 4, 131, 61, 25, 99, 55, 100, 74, 29, 149, 68, 193, 110, 67, 122, 20, 89, 173, 11, 160, 70, 106, 31, 166, 174, 58, 75, 7, 98, 96, 90]
[128, 27, 157, 92, 121, 72, 84, 10, 2, 28, 135, 97, 94, 0, 141, 9, 188, 189, 38, 169, 52, 148, 69, 197, 39, 116, 66, 196, 4, 131, 61, 25, 99, 55, 100, 74, 29, 133, 149, 68, 193, 110, 67, 122, 20, 89, 173, 11, 160, 70, 106, 31, 166, 174, 58, 75, 7, 98, 96, 90]
[128, 27, 157, 92, 121, 72, 84, 10, 2, 28, 135, 97, 94, 0, 141, 9, 188, 189, 38, 169, 52, 148, 69, 197, 39, 116, 66, 196, 4, 131, 61, 25, 99, 55, 100, 74, 29, 180, 133, 149, 68, 193, 110, 67, 122, 20, 89, 173, 11, 160, 70, 106, 31, 166, 174, 58, 75, 7, 98, 96, 90]
[128, 27, 157, 92, 121, 72, 84, 10, 2, 28, 135, 97, 94, 0, 141, 9, 188, 189, 38, 169, 52, 148, 69, 197, 39, 116, 66, 196, 4, 131, 61, 25, 99, 55, 100, 74, 29, 79, 180, 133, 149, 68, 193, 110, 67, 122, 20, 89, 173, 11, 160, 70, 106, 31, 166, 174, 58, 75, 7, 98, 96, 90]
[128, 27, 157, 92, 121, 72, 84, 10, 2, 28, 135, 97, 94, 0, 141, 9, 188, 189, 38, 169, 52, 148, 69, 197, 39, 116, 66, 196, 4, 131, 61, 25, 99, 55, 100, 74, 29, 79, 19, 180, 133, 149, 68, 193, 110, 67, 122, 20, 89, 173, 11, 160, 70, 106, 31, 166, 174, 58, 75, 7, 98, 96, 90]
[128, 27, 157, 92, 121, 72, 84, 10, 2, 28, 135, 97, 94, 0, 141, 9, 188, 189, 38, 169, 52, 148, 69, 197, 39, 116, 66, 196, 4, 131, 61, 25, 99, 55, 100, 74, 29, 79, 19, 37, 180, 133, 149, 68, 193, 110, 67, 122, 20, 89, 173, 11, 160, 70, 106, 31, 166, 174, 58, 75, 7, 98, 96, 90]
[128, 27, 157, 92, 121, 72, 84, 10, 2, 28, 135, 97, 94, 0, 141, 9, 188, 189, 38, 169, 52, 148, 69, 197, 39, 116, 66, 196, 4, 131, 61, 25, 99, 55, 100, 74, 29, 79, 19, 37, 137, 180, 133, 149, 68, 193, 110, 67, 122, 20, 89, 173, 11, 160, 70, 106, 31, 166, 174, 58, 75, 7, 98, 96, 90]
[128, 27, 157, 92, 121, 72, 84, 10, 2, 28, 135, 97, 94, 0, 141, 9, 188, 189, 38, 169, 52, 148, 69, 197, 39, 116, 66, 196, 4, 131, 61, 25, 99, 55, 100, 74, 29, 79, 19, 37, 137, 48, 180, 133, 149, 68, 193, 110, 67, 122, 20, 89, 173, 11, 160, 70, 106, 31, 166, 174, 58, 75, 7, 98, 96, 90]
[128, 27, 157, 92, 121, 72, 84, 10, 2, 28, 135, 97, 94, 0, 141, 9, 188, 189, 38, 169, 52, 148, 69, 197, 39, 116, 66, 196, 4, 131, 61, 25, 99, 55, 100, 74, 29, 79, 19, 37, 137, 85, 48, 180, 133, 149, 68, 193, 110, 67, 122, 20, 89, 173, 11, 160, 70, 106, 31, 166, 174, 58, 75, 7, 98, 96, 90]
[128, 27, 157, 92, 121, 72, 84, 10, 2, 28, 135, 97, 94, 0, 141, 9, 188, 189, 38, 169, 52, 148, 69, 197, 39, 116, 66, 196, 4, 131, 61, 25, 99, 55, 100, 74, 29, 79, 19, 37, 165, 137, 85, 48, 180, 133, 149, 68, 193, 110, 67, 122, 20, 89, 173, 11, 160, 70, 106, 31, 166, 174, 58, 75, 7, 98, 96, 90]
[128, 27, 157, 92, 121, 72, 84, 10, 2, 28, 135, 97, 94, 0, 141, 9, 188, 189, 38, 169, 52, 148, 69, 197, 39, 116, 66, 196, 4, 131, 61, 25, 99, 55, 100, 74, 29, 79, 19, 37, 151, 165, 137, 85, 48, 180, 133, 149, 68, 193, 110, 67, 122, 20, 89, 173, 11, 160, 70, 106, 31, 166, 174, 58, 75, 7, 98, 96, 90]
[128, 27, 157, 92, 121, 72, 84, 10, 2, 28, 135, 97, 94, 0, 141, 9, 188, 189, 38, 169, 52, 148, 69, 197, 39, 116, 66, 196, 4, 131, 61, 25, 99, 55, 100, 74, 29, 79, 19, 37, 151, 107, 165, 137, 85, 48, 180, 133, 149, 68, 193, 110, 67, 122, 20, 89, 173, 11, 160, 70, 106, 31, 166, 174, 58, 75, 7, 98, 96, 90]
[128, 27, 157, 92, 121, 72, 84, 10, 2, 28, 135, 97, 94, 0, 141, 9, 188, 189, 38, 169, 52, 148, 69, 197, 39, 116, 66, 196, 4, 131, 61, 25, 99, 55, 100, 126, 74, 29, 79, 19, 37, 151, 107, 165, 137, 85, 48, 180, 133, 149, 68, 193, 110, 67, 122, 20, 89, 173, 11, 160, 70, 106, 31, 166, 174, 58, 75, 7, 98, 96, 90]
[128, 27, 157, 92, 121, 72, 84, 10, 2, 28, 135, 97, 94, 0, 141, 9, 188, 189, 38, 169, 52, 148, 69, 197, 39, 116, 66, 196, 4, 131, 61, 25, 99, 55, 100, 123, 126, 74, 29, 79, 19, 37, 151, 107, 165, 137, 85, 48, 180, 133, 149, 68, 193, 110, 67, 122, 20, 89, 173, 11, 160, 70, 106, 31, 166, 174, 58, 75, 7, 98, 96, 90]
[128, 27, 157, 92, 121, 72, 84, 10, 2, 28, 135, 97, 94, 0, 141, 9, 188, 189, 38, 169, 52, 148, 69, 197, 39, 116, 66, 196, 4, 131, 61, 25, 99, 55, 100, 187, 123, 126, 74, 29, 79, 19, 37, 151, 107, 165, 137, 85, 48, 180, 133, 149, 68, 193, 110, 67, 122, 20, 89, 173, 11, 160, 70, 106, 31, 166, 174, 58, 75, 7, 98, 96, 90]
[128, 27, 157, 92, 121, 72, 84, 10, 2, 28, 135, 97, 94, 0, 141, 9, 188, 189, 38, 169, 52, 148, 69, 197, 39, 116, 66, 196, 4, 131, 61, 25, 99, 55, 100, 78, 187, 123, 126, 74, 29, 79, 19, 37, 151, 107, 165, 137, 85, 48, 180, 133, 149, 68, 193, 110, 67, 122, 20, 89, 173, 11, 160, 70, 106, 31, 166, 174, 58, 75, 7, 98, 96, 90]
[128, 27, 157, 92, 121, 72, 84, 10, 2, 28, 135, 97, 94, 0, 141, 9, 188, 189, 38, 169, 52, 148, 69, 197, 39, 116, 66, 196, 4, 131, 61, 25, 99, 55, 100, 112, 78, 187, 123, 126, 74, 29, 79, 19, 37, 151, 107, 165, 137, 85, 48, 180, 133, 149, 68, 193, 110, 67, 122, 20, 89, 173, 11, 160, 70, 106, 31, 166, 174, 58, 75, 7, 98, 96, 90]
[128, 27, 157, 92, 121, 72, 84, 10, 2, 28, 135, 97, 94, 0, 141, 9, 188, 189, 38, 169, 52, 148, 69, 197, 39, 116, 66, 196, 4, 131, 61, 25, 99, 55, 100, 112, 178, 78, 187, 123, 126, 74, 29, 79, 19, 37, 151, 107, 165, 137, 85, 48, 180, 133, 149, 68, 193, 110, 67, 122, 20, 89, 173, 11, 160, 70, 106, 31, 166, 174, 58, 75, 7, 98, 96, 90]
[128, 27, 157, 92, 121, 72, 84, 10, 2, 28, 135, 97, 94, 0, 141, 9, 188, 189, 38, 169, 52, 148, 69, 197, 39, 116, 66, 196, 4, 131, 61, 25, 99, 55, 100, 112, 178, 78, 187, 64, 123, 126, 74, 29, 79, 19, 37, 151, 107, 165, 137, 85, 48, 180, 133, 149, 68, 193, 110, 67, 122, 20, 89, 173, 11, 160, 70, 106, 31, 166, 174, 58, 75, 7, 98, 96, 90]
[128, 27, 157, 92, 121, 72, 84, 10, 2, 28, 135, 97, 94, 0, 141, 9, 188, 189, 38, 169, 52, 148, 69, 197, 39, 116, 66, 196, 4, 131, 61, 25, 99, 55, 100, 112, 80, 178, 78, 187, 64, 123, 126, 74, 29, 79, 19, 37, 151, 107, 165, 137, 85, 48, 180, 133, 149, 68, 193, 110, 67, 122, 20, 89, 173, 11, 160, 70, 106, 31, 166, 174, 58, 75, 7, 98, 96, 90]
[128, 27, 157, 92, 121, 72, 84, 10, 2, 28, 135, 97, 94, 0, 141, 9, 188, 189, 38, 169, 52, 148, 69, 197, 39, 116, 66, 196, 4, 131, 61, 25, 99, 55, 100, 112, 80, 178, 78, 187, 140, 64, 123, 126, 74, 29, 79, 19, 37, 151, 107, 165, 137, 85, 48, 180, 133, 149, 68, 193, 110, 67, 122, 20, 89, 173, 11, 160, 70, 106, 31, 166, 174, 58, 75, 7, 98, 96, 90]
[128, 27, 157, 92, 121, 72, 84, 10, 2, 28, 135, 97, 94, 0, 141, 9, 188, 189, 38, 169, 52, 148, 69, 197, 39, 116, 66, 196, 4, 131, 61, 25, 99, 55, 100, 112, 80, 178, 78, 187, 140, 183, 64, 123, 126, 74, 29, 79, 19, 37, 151, 107, 165, 137, 85, 48, 180, 133, 149, 68, 193, 110, 67, 122, 20, 89, 173, 11, 160, 70, 106, 31, 166, 174, 58, 75, 7, 98, 96, 90]
[128, 27, 157, 92, 121, 72, 84, 10, 2, 28, 135, 97, 94, 0, 141, 9, 188, 189, 38, 169, 52, 148, 69, 197, 39, 116, 66, 196, 4, 131, 61, 25, 99, 55, 100, 112, 80, 178, 78, 187, 140, 183, 36, 64, 123, 126, 74, 29, 79, 19, 37, 151, 107, 165, 137, 85, 48, 180, 133, 149, 68, 193, 110, 67, 122, 20, 89, 173, 11, 160, 70, 106, 31, 166, 174, 58, 75, 7, 98, 96, 90]
[128, 27, 157, 92, 121, 72, 84, 10, 2, 28, 135, 97, 94, 0, 141, 9, 188, 189, 38, 169, 52, 148, 69, 197, 39, 116, 66, 196, 4, 131, 61, 25, 99, 55, 100, 112, 80, 178, 78, 187, 140, 183, 36, 71, 64, 123, 126, 74, 29, 79, 19, 37, 151, 107, 165, 137, 85, 48, 180, 133, 149, 68, 193, 110, 67, 122, 20, 89, 173, 11, 160, 70, 106, 31, 166, 174, 58, 75, 7, 98, 96, 90]
[128, 27, 157, 92, 121, 72, 84, 10, 2, 28, 135, 97, 94, 0, 141, 9, 188, 189, 38, 169, 52, 148, 69, 197, 39, 116, 66, 196, 4, 131, 61, 25, 99, 55, 100, 112, 80, 178, 78, 187, 46, 140, 183, 36, 71, 64, 123, 126, 74, 29, 79, 19, 37, 151, 107, 165, 137, 85, 48, 180, 133, 149, 68, 193, 110, 67, 122, 20, 89, 173, 11, 160, 70, 106, 31, 166, 174, 58, 75, 7, 98, 96, 90]
[128, 27, 157, 92, 121, 72, 84, 10, 2, 28, 135, 97, 94, 0, 141, 9, 188, 189, 38, 169, 52, 148, 69, 197, 39, 116, 66, 196, 4, 131, 61, 25, 99, 55, 100, 112, 80, 178, 78, 187, 46, 140, 183, 36, 71, 114, 64, 123, 126, 74, 29, 79, 19, 37, 151, 107, 165, 137, 85, 48, 180, 133, 149, 68, 193, 110, 67, 122, 20, 89, 173, 11, 160, 70, 106, 31, 166, 174, 58, 75, 7, 98, 96, 90]
[128, 27, 157, 92, 121, 72, 84, 10, 2, 28, 135, 97, 94, 0, 141, 9, 188, 189, 38, 169, 52, 148, 69, 197, 39, 116, 66, 196, 4, 131, 61, 25, 99, 55, 100, 112, 80, 178, 78, 187, 46, 140, 183, 36, 71, 114, 172, 64, 123, 126, 74, 29, 79, 19, 37, 151, 107, 165, 137, 85, 48, 180, 133, 149, 68, 193, 110, 67, 122, 20, 89, 173, 11, 160, 70, 106, 31, 166, 174, 58, 75, 7, 98, 96, 90]
[128, 27, 157, 92, 121, 72, 84, 10, 2, 28, 135, 97, 94, 0, 141, 9, 188, 189, 38, 169, 52, 148, 69, 197, 39, 116, 66, 196, 4, 131, 61, 25, 99, 55, 100, 112, 80, 178, 78, 187, 46, 140, 183, 36, 71, 114, 138, 172, 64, 123, 126, 74, 29, 79, 19, 37, 151, 107, 165, 137, 85, 48, 180, 133, 149, 68, 193, 110, 67, 122, 20, 89, 173, 11, 160, 70, 106, 31, 166, 174, 58, 75, 7, 98, 96, 90]
[128, 27, 157, 92, 121, 72, 84, 10, 2, 28, 135, 97, 94, 0, 141, 9, 188, 189, 38, 169, 52, 148, 69, 197, 39, 116, 66, 196, 4, 131, 61, 25, 99, 55, 100, 112, 80, 178, 78, 187, 46, 140, 183, 36, 71, 114, 190, 138, 172, 64, 123, 126, 74, 29, 79, 19, 37, 151, 107, 165, 137, 85, 48, 180, 133, 149, 68, 193, 110, 67, 122, 20, 89, 173, 11, 160, 70, 106, 31, 166, 174, 58, 75, 7, 98, 96, 90]
[128, 27, 157, 92, 121, 72, 84, 10, 2, 28, 135, 97, 94, 0, 141, 9, 188, 189, 38, 169, 52, 148, 69, 197, 39, 116, 66, 196, 4, 131, 61, 25, 99, 55, 100, 112, 80, 178, 78, 187, 46, 140, 183, 36, 71, 114, 153, 190, 138, 172, 64, 123, 126, 74, 29, 79, 19, 37, 151, 107, 165, 137, 85, 48, 180, 133, 149, 68, 193, 110, 67, 122, 20, 89, 173, 11, 160, 70, 106, 31, 166, 174, 58, 75, 7, 98, 96, 90]
[128, 27, 157, 92, 121, 72, 84, 10, 2, 28, 135, 97, 94, 0, 141, 9, 188, 189, 38, 169, 52, 148, 69, 197, 39, 116, 66, 196, 4, 131, 61, 25, 99, 55, 100, 112, 80, 178, 78, 187, 46, 140, 183, 36, 71, 114, 53, 153, 190, 138, 172, 64, 123, 126, 74, 29, 79, 19, 37, 151, 107, 165, 137, 85, 48, 180, 133, 149, 68, 193, 110, 67, 122, 20, 89, 173, 11, 160, 70, 106, 31, 166, 174, 58, 75, 7, 98, 96, 90]
[128, 27, 157, 92, 121, 72, 84, 10, 2, 28, 135, 97, 94, 0, 141, 9, 188, 189, 38, 169, 52, 148, 69, 197, 39, 116, 66, 196, 4, 131, 61, 25, 99, 55, 100, 112, 80, 178, 78, 187, 46, 140, 183, 36, 71, 114, 53, 162, 153, 190, 138, 172, 64, 123, 126, 74, 29, 79, 19, 37, 151, 107, 165, 137, 85, 48, 180, 133, 149, 68, 193, 110, 67, 122, 20, 89, 173, 11, 160, 70, 106, 31, 166, 174, 58, 75, 7, 98, 96, 90]
[128, 27, 157, 92, 121, 72, 84, 10, 2, 28, 135, 97, 94, 0, 141, 9, 188, 189, 38, 169, 52, 148, 69, 197, 39, 116, 66, 196, 4, 131, 61, 25, 99, 55, 100, 112, 80, 178, 78, 187, 46, 140, 183, 36, 71, 114, 53, 162, 115, 153, 190, 138, 172, 64, 123, 126, 74, 29, 79, 19, 37, 151, 107, 165, 137, 85, 48, 180, 133, 149, 68, 193, 110, 67, 122, 20, 89, 173, 11, 160, 70, 106, 31, 166, 174, 58, 75, 7, 98, 96, 90]
[128, 27, 157, 92, 121, 72, 84, 10, 2, 28, 135, 97, 94, 0, 141, 9, 188, 189, 38, 169, 52, 148, 69, 197, 39, 116, 66, 196, 4, 131, 61, 25, 99, 55, 100, 112, 80, 178, 78, 187, 46, 140, 183, 36, 71, 114, 53, 162, 51, 115, 153, 190, 138, 172, 64, 123, 126, 74, 29, 79, 19, 37, 151, 107, 165, 137, 85, 48, 180, 133, 149, 68, 193, 110, 67, 122, 20, 89, 173, 11, 160, 70, 106, 31, 166, 174, 58, 75, 7, 98, 96, 90]
[128, 27, 157, 92, 121, 72, 84, 10, 2, 28, 135, 97, 94, 0, 141, 9, 188, 189, 38, 169, 52, 148, 69, 197, 39, 116, 66, 196, 4, 131, 61, 25, 99, 55, 100, 112, 80, 178, 78, 187, 46, 140, 183, 36, 71, 114, 53, 162, 51, 115, 176, 153, 190, 138, 172, 64, 123, 126, 74, 29, 79, 19, 37, 151, 107, 165, 137, 85, 48, 180, 133, 149, 68, 193, 110, 67, 122, 20, 89, 173, 11, 160, 70, 106, 31, 166, 174, 58, 75, 7, 98, 96, 90]
[128, 27, 157, 92, 121, 72, 84, 10, 2, 28, 135, 97, 94, 0, 141, 9, 188, 189, 38, 169, 52, 148, 69, 197, 39, 116, 66, 196, 4, 131, 61, 25, 99, 55, 100, 112, 80, 178, 78, 187, 46, 140, 183, 36, 71, 114, 53, 162, 51, 115, 176, 142, 153, 190, 138, 172, 64, 123, 126, 74, 29, 79, 19, 37, 151, 107, 165, 137, 85, 48, 180, 133, 149, 68, 193, 110, 67, 122, 20, 89, 173, 11, 160, 70, 106, 31, 166, 174, 58, 75, 7, 98, 96, 90]
[128, 27, 157, 92, 121, 72, 84, 10, 2, 28, 135, 97, 94, 0, 141, 9, 188, 189, 38, 169, 52, 148, 69, 197, 39, 116, 66, 196, 4, 131, 61, 25, 99, 55, 100, 112, 80, 178, 78, 187, 46, 140, 183, 36, 71, 168, 114, 53, 162, 51, 115, 176, 142, 153, 190, 138, 172, 64, 123, 126, 74, 29, 79, 19, 37, 151, 107, 165, 137, 85, 48, 180, 133, 149, 68, 193, 110, 67, 122, 20, 89, 173, 11, 160, 70, 106, 31, 166, 174, 58, 75, 7, 98, 96, 90]
[128, 27, 157, 92, 121, 72, 84, 10, 2, 28, 135, 97, 94, 0, 141, 9, 188, 189, 38, 169, 52, 148, 69, 197, 39, 116, 66, 196, 4, 131, 61, 25, 99, 55, 100, 112, 80, 178, 78, 187, 46, 140, 183, 36, 71, 168, 57, 114, 53, 162, 51, 115, 176, 142, 153, 190, 138, 172, 64, 123, 126, 74, 29, 79, 19, 37, 151, 107, 165, 137, 85, 48, 180, 133, 149, 68, 193, 110, 67, 122, 20, 89, 173, 11, 160, 70, 106, 31, 166, 174, 58, 75, 7, 98, 96, 90]
[128, 27, 157, 92, 121, 72, 84, 10, 2, 28, 135, 97, 94, 0, 141, 9, 188, 189, 38, 169, 52, 148, 69, 197, 39, 116, 66, 196, 4, 131, 61, 25, 99, 55, 100, 112, 80, 178, 78, 187, 46, 140, 183, 36, 71, 168, 83, 57, 114, 53, 162, 51, 115, 176, 142, 153, 190, 138, 172, 64, 123, 126, 74, 29, 79, 19, 37, 151, 107, 165, 137, 85, 48, 180, 133, 149, 68, 193, 110, 67, 122, 20, 89, 173, 11, 160, 70, 106, 31, 166, 174, 58, 75, 7, 98, 96, 90]
[128, 27, 157, 92, 121, 72, 84, 10, 2, 28, 135, 97, 94, 0, 141, 9, 188, 189, 38, 169, 52, 148, 69, 197, 39, 116, 66, 196, 4, 131, 61, 25, 99, 55, 100, 112, 80, 178, 78, 187, 46, 140, 183, 36, 71, 168, 6, 83, 57, 114, 53, 162, 51, 115, 176, 142, 153, 190, 138, 172, 64, 123, 126, 74, 29, 79, 19, 37, 151, 107, 165, 137, 85, 48, 180, 133, 149, 68, 193, 110, 67, 122, 20, 89, 173, 11, 160, 70, 106, 31, 166, 174, 58, 75, 7, 98, 96, 90]
[128, 27, 157, 92, 121, 72, 84, 10, 2, 28, 135, 97, 94, 0, 141, 9, 188, 189, 38, 169, 52, 148, 69, 197, 39, 116, 66, 196, 4, 131, 61, 25, 99, 55, 100, 112, 80, 178, 78, 187, 46, 140, 183, 36, 71, 168, 33, 6, 83, 57, 114, 53, 162, 51, 115, 176, 142, 153, 190, 138, 172, 64, 123, 126, 74, 29, 79, 19, 37, 151, 107, 165, 137, 85, 48, 180, 133, 149, 68, 193, 110, 67, 122, 20, 89, 173, 11, 160, 70, 106, 31, 166, 174, 58, 75, 7, 98, 96, 90]
[128, 27, 157, 92, 121, 72, 84, 10, 2, 28, 135, 97, 94, 0, 141, 9, 188, 189, 38, 169, 52, 148, 69, 197, 39, 116, 66, 196, 4, 131, 61, 25, 99, 55, 100, 112, 80, 178, 78, 187, 46, 140, 183, 36, 71, 168, 33, 56, 6, 83, 57, 114, 53, 162, 51, 115, 176, 142, 153, 190, 138, 172, 64, 123, 126, 74, 29, 79, 19, 37, 151, 107, 165, 137, 85, 48, 180, 133, 149, 68, 193, 110, 67, 122, 20, 89, 173, 11, 160, 70, 106, 31, 166, 174, 58, 75, 7, 98, 96, 90]
[128, 27, 157, 92, 121, 72, 84, 10, 2, 28, 135, 97, 94, 0, 141, 9, 188, 189, 38, 169, 52, 148, 69, 197, 39, 116, 66, 196, 4, 131, 61, 25, 99, 55, 100, 112, 80, 178, 78, 187, 46, 140, 183, 36, 71, 168, 33, 93, 56, 6, 83, 57, 114, 53, 162, 51, 115, 176, 142, 153, 190, 138, 172, 64, 123, 126, 74, 29, 79, 19, 37, 151, 107, 165, 137, 85, 48, 180, 133, 149, 68, 193, 110, 67, 122, 20, 89, 173, 11, 160, 70, 106, 31, 166, 174, 58, 75, 7, 98, 96, 90]
[128, 27, 157, 92, 121, 72, 84, 10, 2, 28, 135, 97, 94, 0, 141, 9, 188, 189, 38, 169, 52, 148, 69, 197, 39, 116, 66, 196, 4, 131, 61, 25, 99, 55, 100, 112, 80, 178, 78, 187, 46, 140, 183, 36, 71, 168, 33, 179, 93, 56, 6, 83, 57, 114, 53, 162, 51, 115, 176, 142, 153, 190, 138, 172, 64, 123, 126, 74, 29, 79, 19, 37, 151, 107, 165, 137, 85, 48, 180, 133, 149, 68, 193, 110, 67, 122, 20, 89, 173, 11, 160, 70, 106, 31, 166, 174, 58, 75, 7, 98, 96, 90]
[128, 27, 157, 92, 121, 72, 84, 10, 2, 28, 135, 97, 94, 0, 141, 9, 188, 189, 38, 169, 52, 148, 69, 197, 39, 116, 66, 196, 4, 131, 61, 25, 99, 55, 100, 112, 80, 178, 78, 187, 46, 140, 183, 36, 71, 168, 33, 175, 179, 93, 56, 6, 83, 57, 114, 53, 162, 51, 115, 176, 142, 153, 190, 138, 172, 64, 123, 126, 74, 29, 79, 19, 37, 151, 107, 165, 137, 85, 48, 180, 133, 149, 68, 193, 110, 67, 122, 20, 89, 173, 11, 160, 70, 106, 31, 166, 174, 58, 75, 7, 98, 96, 90]
[128, 27, 157, 92, 121, 72, 84, 10, 2, 28, 135, 97, 94, 0, 141, 9, 188, 189, 38, 169, 52, 148, 69, 197, 39, 116, 66, 196, 4, 131, 61, 25, 99, 55, 100, 112, 80, 178, 78, 187, 46, 140, 183, 36, 71, 168, 33, 26, 175, 179, 93, 56, 6, 83, 57, 114, 53, 162, 51, 115, 176, 142, 153, 190, 138, 172, 64, 123, 126, 74, 29, 79, 19, 37, 151, 107, 165, 137, 85, 48, 180, 133, 149, 68, 193, 110, 67, 122, 20, 89, 173, 11, 160, 70, 106, 31, 166, 174, 58, 75, 7, 98, 96, 90]
[128, 27, 157, 92, 121, 72, 84, 10, 2, 28, 135, 97, 94, 0, 141, 9, 188, 189, 38, 169, 52, 148, 69, 197, 39, 116, 66, 196, 4, 131, 61, 25, 99, 55, 100, 112, 80, 178, 78, 187, 46, 140, 183, 36, 71, 168, 33, 26, 60, 175, 179, 93, 56, 6, 83, 57, 114, 53, 162, 51, 115, 176, 142, 153, 190, 138, 172, 64, 123, 126, 74, 29, 79, 19, 37, 151, 107, 165, 137, 85, 48, 180, 133, 149, 68, 193, 110, 67, 122, 20, 89, 173, 11, 160, 70, 106, 31, 166, 174, 58, 75, 7, 98, 96, 90]
[128, 27, 157, 92, 121, 72, 84, 10, 2, 28, 135, 97, 94, 0, 141, 9, 188, 189, 38, 169, 52, 148, 69, 197, 39, 116, 66, 196, 4, 131, 61, 25, 99, 55, 100, 112, 80, 178, 78, 187, 46, 140, 183, 36, 71, 168, 33, 26, 34, 60, 175, 179, 93, 56, 6, 83, 57, 114, 53, 162, 51, 115, 176, 142, 153, 190, 138, 172, 64, 123, 126, 74, 29, 79, 19, 37, 151, 107, 165, 137, 85, 48, 180, 133, 149, 68, 193, 110, 67, 122, 20, 89, 173, 11, 160, 70, 106, 31, 166, 174, 58, 75, 7, 98, 96, 90]
[128, 27, 157, 92, 121, 72, 84, 10, 2, 28, 135, 97, 94, 0, 141, 9, 188, 189, 38, 169, 52, 148, 69, 197, 39, 116, 66, 196, 4, 131, 61, 25, 99, 55, 100, 112, 80, 178, 78, 187, 46, 140, 183, 36, 71, 168, 33, 26, 34, 171, 60, 175, 179, 93, 56, 6, 83, 57, 114, 53, 162, 51, 115, 176, 142, 153, 190, 138, 172, 64, 123, 126, 74, 29, 79, 19, 37, 151, 107, 165, 137, 85, 48, 180, 133, 149, 68, 193, 110, 67, 122, 20, 89, 173, 11, 160, 70, 106, 31, 166, 174, 58, 75, 7, 98, 96, 90]
[128, 27, 157, 92, 121, 72, 84, 10, 2, 28, 135, 97, 94, 0, 141, 9, 188, 189, 38, 169, 52, 148, 69, 197, 39, 116, 66, 196, 4, 131, 61, 25, 99, 55, 100, 112, 80, 178, 78, 187, 46, 140, 183, 36, 71, 168, 33, 26, 34, 171, 156, 60, 175, 179, 93, 56, 6, 83, 57, 114, 53, 162, 51, 115, 176, 142, 153, 190, 138, 172, 64, 123, 126, 74, 29, 79, 19, 37, 151, 107, 165, 137, 85, 48, 180, 133, 149, 68, 193, 110, 67, 122, 20, 89, 173, 11, 160, 70, 106, 31, 166, 174, 58, 75, 7, 98, 96, 90]
[128, 27, 157, 92, 121, 72, 84, 10, 2, 28, 135, 97, 94, 0, 141, 9, 188, 189, 38, 169, 52, 148, 69, 197, 39, 116, 66, 196, 4, 131, 61, 25, 99, 55, 100, 112, 80, 178, 78, 187, 46, 140, 183, 36, 71, 168, 33, 26, 34, 171, 156, 130, 60, 175, 179, 93, 56, 6, 83, 57, 114, 53, 162, 51, 115, 176, 142, 153, 190, 138, 172, 64, 123, 126, 74, 29, 79, 19, 37, 151, 107, 165, 137, 85, 48, 180, 133, 149, 68, 193, 110, 67, 122, 20, 89, 173, 11, 160, 70, 106, 31, 166, 174, 58, 75, 7, 98, 96, 90]
[128, 27, 157, 92, 121, 72, 84, 10, 2, 28, 135, 97, 94, 0, 141, 9, 188, 189, 38, 169, 52, 148, 69, 197, 39, 116, 66, 196, 4, 131, 61, 25, 99, 55, 100, 112, 80, 178, 78, 187, 46, 140, 183, 36, 71, 168, 33, 26, 34, 171, 156, 198, 130, 60, 175, 179, 93, 56, 6, 83, 57, 114, 53, 162, 51, 115, 176, 142, 153, 190, 138, 172, 64, 123, 126, 74, 29, 79, 19, 37, 151, 107, 165, 137, 85, 48, 180, 133, 149, 68, 193, 110, 67, 122, 20, 89, 173, 11, 160, 70, 106, 31, 166, 174, 58, 75, 7, 98, 96, 90]
[128, 27, 157, 92, 121, 72, 84, 10, 2, 28, 135, 97, 94, 0, 141, 9, 188, 189, 38, 169, 52, 148, 69, 197, 39, 116, 66, 196, 4, 131, 61, 25, 99, 55, 100, 112, 80, 178, 78, 187, 46, 140, 183, 36, 71, 168, 33, 26, 34, 171, 156, 198, 130, 177, 60, 175, 179, 93, 56, 6, 83, 57, 114, 53, 162, 51, 115, 176, 142, 153, 190, 138, 172, 64, 123, 126, 74, 29, 79, 19, 37, 151, 107, 165, 137, 85, 48, 180, 133, 149, 68, 193, 110, 67, 122, 20, 89, 173, 11, 160, 70, 106, 31, 166, 174, 58, 75, 7, 98, 96, 90]
[128, 27, 157, 92, 121, 72, 84, 10, 2, 28, 135, 97, 94, 0, 141, 9, 188, 189, 38, 169, 52, 148, 69, 197, 39, 116, 66, 196, 4, 131, 61, 25, 99, 55, 100, 112, 80, 178, 78, 187, 46, 140, 183, 36, 71, 168, 33, 8, 26, 34, 171, 156, 198, 130, 177, 60, 175, 179, 93, 56, 6, 83, 57, 114, 53, 162, 51, 115, 176, 142, 153, 190, 138, 172, 64, 123, 126, 74, 29, 79, 19, 37, 151, 107, 165, 137, 85, 48, 180, 133, 149, 68, 193, 110, 67, 122, 20, 89, 173, 11, 160, 70, 106, 31, 166, 174, 58, 75, 7, 98, 96, 90]
[128, 27, 157, 92, 121, 72, 84, 10, 2, 28, 135, 97, 94, 0, 141, 9, 188, 189, 38, 169, 52, 148, 69, 197, 39, 116, 66, 196, 4, 131, 61, 25, 99, 55, 100, 112, 80, 178, 78, 187, 46, 140, 183, 36, 71, 168, 33, 24, 8, 26, 34, 171, 156, 198, 130, 177, 60, 175, 179, 93, 56, 6, 83, 57, 114, 53, 162, 51, 115, 176, 142, 153, 190, 138, 172, 64, 123, 126, 74, 29, 79, 19, 37, 151, 107, 165, 137, 85, 48, 180, 133, 149, 68, 193, 110, 67, 122, 20, 89, 173, 11, 160, 70, 106, 31, 166, 174, 58, 75, 7, 98, 96, 90]
[128, 27, 157, 92, 121, 72, 84, 10, 2, 28, 135, 97, 94, 0, 141, 9, 188, 189, 38, 169, 52, 148, 69, 197, 39, 116, 66, 196, 4, 131, 61, 25, 99, 55, 100, 112, 80, 178, 78, 187, 46, 140, 183, 36, 71, 168, 33, 24, 45, 8, 26, 34, 171, 156, 198, 130, 177, 60, 175, 179, 93, 56, 6, 83, 57, 114, 53, 162, 51, 115, 176, 142, 153, 190, 138, 172, 64, 123, 126, 74, 29, 79, 19, 37, 151, 107, 165, 137, 85, 48, 180, 133, 149, 68, 193, 110, 67, 122, 20, 89, 173, 11, 160, 70, 106, 31, 166, 174, 58, 75, 7, 98, 96, 90]
[128, 27, 157, 92, 121, 72, 84, 10, 2, 28, 135, 97, 94, 0, 141, 9, 188, 189, 38, 169, 52, 148, 69, 197, 39, 116, 66, 196, 4, 131, 61, 25, 99, 55, 100, 112, 80, 178, 78, 187, 46, 140, 183, 36, 71, 168, 33, 24, 145, 45, 8, 26, 34, 171, 156, 198, 130, 177, 60, 175, 179, 93, 56, 6, 83, 57, 114, 53, 162, 51, 115, 176, 142, 153, 190, 138, 172, 64, 123, 126, 74, 29, 79, 19, 37, 151, 107, 165, 137, 85, 48, 180, 133, 149, 68, 193, 110, 67, 122, 20, 89, 173, 11, 160, 70, 106, 31, 166, 174, 58, 75, 7, 98, 96, 90]
[128, 27, 157, 92, 121, 72, 84, 10, 2, 28, 135, 97, 94, 0, 141, 9, 188, 189, 38, 169, 52, 148, 69, 197, 39, 116, 66, 196, 4, 131, 61, 25, 99, 55, 100, 112, 80, 178, 78, 187, 46, 140, 183, 36, 71, 168, 33, 24, 145, 45, 8, 26, 34, 171, 156, 198, 130, 177, 60, 175, 179, 93, 56, 6, 83, 57, 114, 53, 162, 51, 115, 163, 176, 142, 153, 190, 138, 172, 64, 123, 126, 74, 29, 79, 19, 37, 151, 107, 165, 137, 85, 48, 180, 133, 149, 68, 193, 110, 67, 122, 20, 89, 173, 11, 160, 70, 106, 31, 166, 174, 58, 75, 7, 98, 96, 90]
[128, 27, 157, 92, 121, 72, 84, 10, 2, 28, 135, 97, 94, 0, 141, 9, 188, 189, 38, 169, 52, 148, 69, 197, 39, 116, 66, 196, 4, 131, 61, 25, 99, 55, 100, 112, 80, 178, 78, 187, 46, 140, 183, 36, 71, 168, 33, 24, 145, 45, 8, 26, 34, 171, 156, 198, 130, 177, 60, 175, 179, 93, 56, 6, 83, 57, 114, 53, 162, 51, 115, 42, 163, 176, 142, 153, 190, 138, 172, 64, 123, 126, 74, 29, 79, 19, 37, 151, 107, 165, 137, 85, 48, 180, 133, 149, 68, 193, 110, 67, 122, 20, 89, 173, 11, 160, 70, 106, 31, 166, 174, 58, 75, 7, 98, 96, 90]
[128, 27, 157, 92, 121, 72, 84, 10, 2, 28, 135, 97, 94, 0, 141, 9, 188, 189, 38, 169, 52, 148, 69, 197, 39, 116, 66, 196, 4, 131, 61, 25, 99, 55, 100, 112, 80, 178, 78, 187, 46, 140, 183, 36, 71, 168, 33, 24, 145, 45, 8, 26, 34, 171, 156, 198, 130, 177, 60, 175, 179, 93, 56, 6, 83, 57, 114, 53, 162, 51, 115, 42, 184, 163, 176, 142, 153, 190, 138, 172, 64, 123, 126, 74, 29, 79, 19, 37, 151, 107, 165, 137, 85, 48, 180, 133, 149, 68, 193, 110, 67, 122, 20, 89, 173, 11, 160, 70, 106, 31, 166, 174, 58, 75, 7, 98, 96, 90]
[128, 27, 157, 92, 121, 72, 84, 10, 2, 28, 135, 97, 94, 0, 141, 9, 188, 189, 38, 169, 52, 148, 69, 197, 39, 116, 66, 196, 4, 131, 61, 25, 99, 55, 100, 112, 80, 178, 78, 187, 46, 140, 183, 36, 71, 168, 33, 24, 145, 45, 8, 26, 34, 171, 156, 198, 130, 177, 60, 175, 179, 93, 56, 6, 83, 57, 114, 53, 162, 51, 115, 42, 184, 49, 163, 176, 142, 153, 190, 138, 172, 64, 123, 126, 74, 29, 79, 19, 37, 151, 107, 165, 137, 85, 48, 180, 133, 149, 68, 193, 110, 67, 122, 20, 89, 173, 11, 160, 70, 106, 31, 166, 174, 58, 75, 7, 98, 96, 90]
[128, 27, 157, 92, 121, 72, 84, 10, 2, 28, 135, 97, 94, 0, 141, 9, 188, 189, 38, 169, 52, 148, 69, 197, 39, 116, 66, 196, 4, 131, 61, 25, 99, 55, 100, 112, 80, 178, 78, 187, 46, 140, 183, 36, 71, 168, 33, 24, 145, 45, 8, 26, 34, 171, 156, 198, 130, 177, 60, 175, 179, 93, 56, 6, 83, 57, 114, 53, 162, 51, 115, 42, 184, 158, 49, 163, 176, 142, 153, 190, 138, 172, 64, 123, 126, 74, 29, 79, 19, 37, 151, 107, 165, 137, 85, 48, 180, 133, 149, 68, 193, 110, 67, 122, 20, 89, 173, 11, 160, 70, 106, 31, 166, 174, 58, 75, 7, 98, 96, 90]
[128, 27, 157, 92, 121, 72, 84, 10, 2, 28, 135, 97, 94, 0, 141, 9, 188, 189, 38, 169, 52, 148, 69, 197, 39, 116, 66, 196, 4, 131, 61, 25, 99, 55, 100, 112, 80, 178, 78, 187, 46, 140, 183, 36, 71, 168, 33, 24, 145, 45, 8, 26, 34, 171, 156, 198, 130, 177, 60, 175, 179, 93, 56, 6, 83, 57, 114, 53, 162, 51, 115, 195, 42, 184, 158, 49, 163, 176, 142, 153, 190, 138, 172, 64, 123, 126, 74, 29, 79, 19, 37, 151, 107, 165, 137, 85, 48, 180, 133, 149, 68, 193, 110, 67, 122, 20, 89, 173, 11, 160, 70, 106, 31, 166, 174, 58, 75, 7, 98, 96, 90]
[128, 27, 157, 92, 121, 72, 84, 10, 2, 28, 135, 97, 94, 0, 141, 9, 188, 189, 38, 169, 52, 148, 69, 197, 39, 116, 66, 196, 4, 131, 61, 25, 99, 55, 100, 112, 80, 178, 78, 187, 46, 140, 183, 36, 71, 168, 33, 24, 145, 45, 8, 26, 34, 171, 156, 198, 130, 177, 60, 175, 179, 93, 56, 6, 83, 57, 114, 53, 162, 51, 115, 195, 185, 42, 184, 158, 49, 163, 176, 142, 153, 190, 138, 172, 64, 123, 126, 74, 29, 79, 19, 37, 151, 107, 165, 137, 85, 48, 180, 133, 149, 68, 193, 110, 67, 122, 20, 89, 173, 11, 160, 70, 106, 31, 166, 174, 58, 75, 7, 98, 96, 90]
[128, 27, 157, 92, 121, 72, 84, 10, 2, 28, 135, 97, 94, 0, 141, 9, 188, 189, 38, 169, 52, 148, 69, 197, 39, 116, 66, 196, 4, 131, 61, 25, 99, 55, 100, 112, 80, 178, 78, 187, 46, 140, 183, 36, 71, 168, 33, 24, 145, 45, 8, 26, 34, 171, 156, 198, 130, 177, 60, 175, 179, 93, 56, 6, 83, 57, 114, 53, 162, 51, 115, 195, 185, 88, 42, 184, 158, 49, 163, 176, 142, 153, 190, 138, 172, 64, 123, 126, 74, 29, 79, 19, 37, 151, 107, 165, 137, 85, 48, 180, 133, 149, 68, 193, 110, 67, 122, 20, 89, 173, 11, 160, 70, 106, 31, 166, 174, 58, 75, 7, 98, 96, 90]
[128, 27, 157, 92, 121, 72, 84, 10, 2, 28, 135, 97, 94, 0, 141, 9, 188, 189, 38, 169, 52, 148, 69, 197, 39, 116, 66, 196, 4, 131, 61, 25, 99, 55, 100, 112, 80, 178, 78, 187, 46, 140, 183, 36, 71, 168, 33, 24, 145, 45, 8, 26, 34, 171, 156, 198, 130, 177, 60, 175, 179, 93, 56, 6, 83, 57, 114, 53, 162, 51, 115, 195, 185, 88, 42, 184, 117, 158, 49, 163, 176, 142, 153, 190, 138, 172, 64, 123, 126, 74, 29, 79, 19, 37, 151, 107, 165, 137, 85, 48, 180, 133, 149, 68, 193, 110, 67, 122, 20, 89, 173, 11, 160, 70, 106, 31, 166, 174, 58, 75, 7, 98, 96, 90]
[128, 27, 157, 92, 121, 72, 84, 10, 2, 28, 135, 97, 94, 0, 141, 9, 188, 189, 38, 169, 52, 148, 69, 197, 39, 116, 66, 196, 4, 131, 61, 25, 99, 55, 100, 112, 80, 178, 78, 187, 46, 140, 183, 36, 71, 168, 33, 24, 145, 45, 8, 26, 34, 171, 156, 198, 130, 177, 60, 175, 179, 93, 56, 6, 83, 57, 114, 53, 162, 51, 115, 195, 185, 88, 42, 184, 117, 105, 158, 49, 163, 176, 142, 153, 190, 138, 172, 64, 123, 126, 74, 29, 79, 19, 37, 151, 107, 165, 137, 85, 48, 180, 133, 149, 68, 193, 110, 67, 122, 20, 89, 173, 11, 160, 70, 106, 31, 166, 174, 58, 75, 7, 98, 96, 90]
[128, 27, 157, 92, 121, 72, 84, 10, 2, 28, 135, 97, 94, 0, 141, 9, 188, 189, 38, 169, 52, 148, 69, 197, 39, 116, 66, 196, 4, 131, 61, 25, 99, 55, 100, 112, 80, 178, 78, 187, 46, 140, 183, 36, 71, 168, 33, 24, 145, 45, 8, 26, 34, 171, 156, 198, 130, 177, 60, 175, 179, 93, 56, 6, 83, 57, 114, 53, 162, 51, 115, 195, 185, 88, 42, 184, 117, 105, 139, 158, 49, 163, 176, 142, 153, 190, 138, 172, 64, 123, 126, 74, 29, 79, 19, 37, 151, 107, 165, 137, 85, 48, 180, 133, 149, 68, 193, 110, 67, 122, 20, 89, 173, 11, 160, 70, 106, 31, 166, 174, 58, 75, 7, 98, 96, 90]
[128, 27, 157, 92, 121, 72, 84, 10, 2, 28, 135, 97, 94, 0, 141, 9, 188, 189, 38, 169, 52, 148, 69, 197, 39, 116, 66, 196, 4, 131, 61, 25, 99, 55, 100, 112, 80, 178, 78, 187, 46, 140, 183, 36, 71, 168, 33, 24, 145, 45, 8, 26, 34, 171, 156, 198, 130, 177, 60, 175, 179, 93, 56, 6, 83, 57, 114, 53, 162, 51, 115, 195, 185, 88, 42, 184, 117, 105, 182, 139, 158, 49, 163, 176, 142, 153, 190, 138, 172, 64, 123, 126, 74, 29, 79, 19, 37, 151, 107, 165, 137, 85, 48, 180, 133, 149, 68, 193, 110, 67, 122, 20, 89, 173, 11, 160, 70, 106, 31, 166, 174, 58, 75, 7, 98, 96, 90]
[128, 27, 157, 92, 121, 72, 84, 10, 2, 28, 135, 97, 94, 0, 141, 9, 188, 189, 38, 169, 52, 148, 69, 197, 39, 116, 66, 196, 4, 131, 61, 25, 99, 55, 100, 112, 80, 178, 78, 187, 46, 140, 183, 36, 71, 168, 33, 24, 145, 45, 8, 26, 34, 171, 156, 198, 130, 177, 60, 175, 179, 93, 56, 6, 83, 57, 114, 53, 162, 51, 115, 195, 185, 88, 42, 184, 117, 105, 182, 102, 139, 158, 49, 163, 176, 142, 153, 190, 138, 172, 64, 123, 126, 74, 29, 79, 19, 37, 151, 107, 165, 137, 85, 48, 180, 133, 149, 68, 193, 110, 67, 122, 20, 89, 173, 11, 160, 70, 106, 31, 166, 174, 58, 75, 7, 98, 96, 90]
[128, 27, 157, 92, 121, 72, 84, 10, 2, 28, 135, 97, 94, 0, 141, 9, 188, 189, 38, 169, 52, 148, 69, 197, 39, 116, 66, 196, 4, 131, 61, 25, 99, 55, 100, 112, 80, 178, 78, 187, 46, 140, 183, 36, 71, 168, 33, 24, 145, 45, 8, 26, 34, 171, 156, 198, 130, 177, 60, 175, 179, 93, 56, 6, 83, 57, 114, 53, 162, 51, 115, 195, 185, 59, 88, 42, 184, 117, 105, 182, 102, 139, 158, 49, 163, 176, 142, 153, 190, 138, 172, 64, 123, 126, 74, 29, 79, 19, 37, 151, 107, 165, 137, 85, 48, 180, 133, 149, 68, 193, 110, 67, 122, 20, 89, 173, 11, 160, 70, 106, 31, 166, 174, 58, 75, 7, 98, 96, 90]
[128, 27, 157, 92, 121, 72, 84, 10, 2, 28, 135, 97, 94, 0, 141, 9, 188, 189, 38, 169, 52, 148, 69, 197, 39, 116, 66, 196, 4, 131, 61, 25, 99, 55, 100, 112, 80, 178, 78, 187, 46, 140, 183, 36, 71, 168, 33, 24, 145, 45, 8, 26, 34, 171, 156, 198, 130, 177, 60, 175, 179, 93, 56, 6, 83, 57, 114, 53, 162, 51, 115, 195, 185, 59, 164, 88, 42, 184, 117, 105, 182, 102, 139, 158, 49, 163, 176, 142, 153, 190, 138, 172, 64, 123, 126, 74, 29, 79, 19, 37, 151, 107, 165, 137, 85, 48, 180, 133, 149, 68, 193, 110, 67, 122, 20, 89, 173, 11, 160, 70, 106, 31, 166, 174, 58, 75, 7, 98, 96, 90]
[128, 27, 157, 92, 121, 72, 84, 10, 2, 28, 135, 97, 94, 0, 141, 9, 188, 189, 38, 169, 52, 148, 69, 197, 39, 116, 66, 196, 4, 131, 61, 25, 99, 55, 100, 112, 80, 178, 78, 187, 46, 140, 183, 36, 71, 168, 33, 24, 145, 45, 8, 26, 34, 171, 156, 198, 130, 177, 60, 175, 179, 93, 56, 6, 83, 57, 114, 53, 162, 51, 115, 195, 185, 59, 73, 164, 88, 42, 184, 117, 105, 182, 102, 139, 158, 49, 163, 176, 142, 153, 190, 138, 172, 64, 123, 126, 74, 29, 79, 19, 37, 151, 107, 165, 137, 85, 48, 180, 133, 149, 68, 193, 110, 67, 122, 20, 89, 173, 11, 160, 70, 106, 31, 166, 174, 58, 75, 7, 98, 96, 90]
[128, 27, 157, 92, 121, 72, 84, 10, 2, 28, 135, 97, 94, 0, 141, 9, 188, 189, 38, 169, 52, 148, 69, 197, 39, 116, 66, 196, 4, 131, 61, 25, 99, 55, 100, 112, 80, 178, 78, 187, 46, 140, 183, 36, 71, 168, 33, 24, 145, 45, 8, 26, 34, 171, 156, 198, 130, 177, 60, 175, 179, 93, 56, 6, 83, 57, 114, 53, 162, 51, 115, 195, 185, 59, 73, 164, 86, 88, 42, 184, 117, 105, 182, 102, 139, 158, 49, 163, 176, 142, 153, 190, 138, 172, 64, 123, 126, 74, 29, 79, 19, 37, 151, 107, 165, 137, 85, 48, 180, 133, 149, 68, 193, 110, 67, 122, 20, 89, 173, 11, 160, 70, 106, 31, 166, 174, 58, 75, 7, 98, 96, 90]
[128, 27, 157, 92, 121, 72, 84, 10, 2, 28, 135, 97, 94, 0, 141, 9, 188, 189, 38, 169, 52, 148, 69, 197, 39, 116, 66, 196, 4, 131, 61, 25, 99, 55, 100, 112, 80, 178, 78, 187, 46, 140, 183, 36, 71, 168, 33, 24, 145, 45, 8, 26, 34, 171, 156, 198, 130, 177, 60, 175, 179, 93, 56, 6, 83, 57, 114, 53, 162, 51, 115, 195, 185, 59, 73, 164, 113, 86, 88, 42, 184, 117, 105, 182, 102, 139, 158, 49, 163, 176, 142, 153, 190, 138, 172, 64, 123, 126, 74, 29, 79, 19, 37, 151, 107, 165, 137, 85, 48, 180, 133, 149, 68, 193, 110, 67, 122, 20, 89, 173, 11, 160, 70, 106, 31, 166, 174, 58, 75, 7, 98, 96, 90]
[128, 27, 157, 92, 121, 72, 84, 10, 2, 28, 135, 97, 94, 0, 141, 9, 188, 189, 38, 169, 52, 148, 69, 197, 39, 116, 66, 196, 4, 131, 61, 25, 99, 55, 100, 112, 80, 178, 78, 187, 46, 140, 183, 36, 71, 168, 33, 24, 145, 45, 8, 26, 34, 171, 156, 198, 130, 177, 60, 175, 179, 93, 56, 6, 83, 57, 114, 53, 162, 51, 115, 195, 185, 59, 73, 164, 167, 113, 86, 88, 42, 184, 117, 105, 182, 102, 139, 158, 49, 163, 176, 142, 153, 190, 138, 172, 64, 123, 126, 74, 29, 79, 19, 37, 151, 107, 165, 137, 85, 48, 180, 133, 149, 68, 193, 110, 67, 122, 20, 89, 173, 11, 160, 70, 106, 31, 166, 174, 58, 75, 7, 98, 96, 90]
[128, 27, 157, 92, 121, 72, 84, 10, 2, 28, 135, 97, 94, 0, 141, 9, 188, 189, 38, 169, 52, 148, 69, 197, 39, 116, 66, 196, 4, 131, 61, 25, 99, 55, 100, 112, 80, 178, 78, 187, 46, 140, 183, 36, 71, 168, 33, 24, 145, 45, 8, 26, 34, 171, 156, 198, 130, 177, 60, 175, 179, 93, 56, 6, 83, 57, 114, 53, 162, 51, 115, 195, 185, 59, 73, 164, 132, 167, 113, 86, 88, 42, 184, 117, 105, 182, 102, 139, 158, 49, 163, 176, 142, 153, 190, 138, 172, 64, 123, 126, 74, 29, 79, 19, 37, 151, 107, 165, 137, 85, 48, 180, 133, 149, 68, 193, 110, 67, 122, 20, 89, 173, 11, 160, 70, 106, 31, 166, 174, 58, 75, 7, 98, 96, 90]
[128, 27, 157, 92, 121, 72, 84, 10, 2, 28, 135, 97, 94, 0, 141, 9, 188, 189, 38, 169, 52, 148, 69, 197, 39, 116, 66, 196, 4, 131, 61, 25, 99, 55, 100, 112, 80, 178, 78, 187, 46, 140, 183, 36, 71, 168, 33, 24, 145, 45, 8, 26, 34, 171, 156, 198, 130, 177, 60, 175, 179, 93, 56, 6, 83, 57, 114, 53, 162, 51, 115, 195, 185, 59, 73, 164, 65, 132, 167, 113, 86, 88, 42, 184, 117, 105, 182, 102, 139, 158, 49, 163, 176, 142, 153, 190, 138, 172, 64, 123, 126, 74, 29, 79, 19, 37, 151, 107, 165, 137, 85, 48, 180, 133, 149, 68, 193, 110, 67, 122, 20, 89, 173, 11, 160, 70, 106, 31, 166, 174, 58, 75, 7, 98, 96, 90]
[128, 27, 157, 92, 121, 72, 84, 10, 2, 28, 135, 97, 94, 0, 141, 9, 188, 189, 38, 169, 52, 148, 69, 197, 39, 116, 66, 196, 4, 131, 61, 25, 99, 55, 100, 112, 80, 178, 78, 187, 46, 140, 183, 36, 71, 168, 33, 24, 145, 45, 8, 26, 34, 171, 156, 198, 130, 177, 60, 175, 179, 93, 56, 6, 83, 57, 114, 53, 162, 51, 115, 195, 185, 59, 73, 164, 144, 65, 132, 167, 113, 86, 88, 42, 184, 117, 105, 182, 102, 139, 158, 49, 163, 176, 142, 153, 190, 138, 172, 64, 123, 126, 74, 29, 79, 19, 37, 151, 107, 165, 137, 85, 48, 180, 133, 149, 68, 193, 110, 67, 122, 20, 89, 173, 11, 160, 70, 106, 31, 166, 174, 58, 75, 7, 98, 96, 90]
[128, 27, 157, 92, 121, 72, 84, 10, 2, 28, 135, 97, 94, 0, 141, 9, 188, 189, 38, 169, 52, 148, 69, 197, 39, 116, 66, 196, 4, 131, 61, 25, 99, 55, 100, 112, 80, 178, 78, 187, 46, 140, 183, 36, 71, 168, 33, 24, 145, 45, 8, 26, 34, 171, 156, 198, 130, 177, 60, 175, 179, 93, 56, 6, 83, 57, 114, 53, 162, 51, 115, 195, 185, 59, 73, 164, 144, 65, 132, 167, 113, 86, 88, 42, 184, 117, 105, 182, 76, 102, 139, 158, 49, 163, 176, 142, 153, 190, 138, 172, 64, 123, 126, 74, 29, 79, 19, 37, 151, 107, 165, 137, 85, 48, 180, 133, 149, 68, 193, 110, 67, 122, 20, 89, 173, 11, 160, 70, 106, 31, 166, 174, 58, 75, 7, 98, 96, 90]
[128, 27, 157, 92, 121, 72, 84, 10, 2, 28, 135, 97, 94, 0, 141, 9, 188, 189, 38, 169, 52, 148, 69, 197, 39, 116, 66, 196, 4, 131, 61, 25, 99, 55, 100, 112, 80, 178, 78, 187, 46, 140, 183, 36, 71, 168, 33, 24, 145, 45, 8, 26, 34, 171, 156, 198, 130, 177, 60, 175, 179, 93, 56, 6, 83, 57, 114, 53, 162, 51, 115, 195, 185, 59, 73, 164, 144, 65, 132, 167, 113, 86, 88, 42, 184, 117, 105, 182, 104, 76, 102, 139, 158, 49, 163, 176, 142, 153, 190, 138, 172, 64, 123, 126, 74, 29, 79, 19, 37, 151, 107, 165, 137, 85, 48, 180, 133, 149, 68, 193, 110, 67, 122, 20, 89, 173, 11, 160, 70, 106, 31, 166, 174, 58, 75, 7, 98, 96, 90]
[128, 27, 157, 92, 121, 72, 84, 10, 2, 28, 135, 97, 94, 0, 141, 9, 188, 189, 38, 169, 52, 148, 69, 197, 39, 116, 66, 196, 4, 131, 61, 25, 99, 55, 100, 112, 80, 178, 78, 187, 46, 140, 183, 36, 71, 168, 33, 24, 145, 45, 8, 26, 34, 171, 156, 198, 130, 177, 60, 175, 179, 93, 56, 6, 83, 57, 114, 53, 162, 51, 115, 195, 185, 59, 73, 164, 144, 65, 132, 167, 113, 86, 88, 42, 184, 117, 105, 182, 15, 104, 76, 102, 139, 158, 49, 163, 176, 142, 153, 190, 138, 172, 64, 123, 126, 74, 29, 79, 19, 37, 151, 107, 165, 137, 85, 48, 180, 133, 149, 68, 193, 110, 67, 122, 20, 89, 173, 11, 160, 70, 106, 31, 166, 174, 58, 75, 7, 98, 96, 90]
[128, 27, 157, 92, 121, 72, 84, 10, 2, 28, 135, 97, 94, 0, 141, 9, 188, 189, 38, 169, 52, 148, 69, 197, 39, 116, 66, 196, 4, 131, 61, 25, 99, 55, 100, 112, 80, 178, 78, 187, 46, 140, 183, 36, 71, 168, 33, 24, 145, 45, 8, 26, 34, 171, 156, 198, 130, 177, 60, 175, 179, 93, 56, 6, 83, 57, 114, 53, 162, 51, 115, 195, 185, 59, 73, 164, 144, 65, 132, 167, 113, 86, 88, 42, 184, 117, 105, 182, 15, 104, 23, 76, 102, 139, 158, 49, 163, 176, 142, 153, 190, 138, 172, 64, 123, 126, 74, 29, 79, 19, 37, 151, 107, 165, 137, 85, 48, 180, 133, 149, 68, 193, 110, 67, 122, 20, 89, 173, 11, 160, 70, 106, 31, 166, 174, 58, 75, 7, 98, 96, 90]
[128, 27, 157, 92, 121, 72, 84, 10, 2, 28, 135, 97, 94, 0, 141, 9, 188, 189, 38, 169, 52, 148, 69, 197, 39, 116, 66, 196, 4, 131, 61, 25, 99, 55, 100, 112, 80, 178, 78, 187, 46, 140, 183, 36, 71, 168, 33, 24, 145, 45, 8, 26, 34, 171, 156, 198, 130, 177, 60, 175, 179, 93, 56, 6, 83, 57, 114, 53, 162, 51, 115, 195, 185, 59, 73, 164, 144, 65, 132, 167, 113, 86, 88, 42, 184, 117, 105, 182, 15, 104, 23, 152, 76, 102, 139, 158, 49, 163, 176, 142, 153, 190, 138, 172, 64, 123, 126, 74, 29, 79, 19, 37, 151, 107, 165, 137, 85, 48, 180, 133, 149, 68, 193, 110, 67, 122, 20, 89, 173, 11, 160, 70, 106, 31, 166, 174, 58, 75, 7, 98, 96, 90]
[128, 27, 157, 92, 121, 72, 84, 10, 2, 28, 135, 97, 94, 0, 141, 9, 188, 189, 38, 169, 52, 148, 69, 197, 39, 116, 66, 196, 4, 131, 61, 25, 99, 55, 100, 112, 80, 178, 78, 187, 46, 140, 183, 36, 71, 168, 33, 24, 145, 45, 8, 26, 34, 171, 156, 198, 130, 177, 60, 175, 179, 93, 56, 6, 83, 57, 114, 53, 162, 51, 115, 195, 185, 59, 73, 164, 144, 65, 132, 167, 113, 86, 88, 42, 184, 117, 105, 182, 15, 104, 17, 23, 152, 76, 102, 139, 158, 49, 163, 176, 142, 153, 190, 138, 172, 64, 123, 126, 74, 29, 79, 19, 37, 151, 107, 165, 137, 85, 48, 180, 133, 149, 68, 193, 110, 67, 122, 20, 89, 173, 11, 160, 70, 106, 31, 166, 174, 58, 75, 7, 98, 96, 90]
[128, 27, 157, 92, 121, 72, 84, 10, 2, 28, 135, 97, 94, 0, 141, 9, 188, 189, 38, 169, 52, 148, 69, 197, 39, 116, 66, 196, 4, 131, 61, 25, 99, 55, 100, 112, 80, 178, 78, 187, 46, 140, 183, 36, 71, 168, 33, 24, 145, 45, 8, 26, 34, 171, 156, 198, 130, 177, 60, 175, 179, 93, 56, 6, 83, 57, 114, 53, 162, 51, 115, 195, 185, 59, 73, 164, 144, 65, 132, 167, 113, 86, 88, 42, 184, 117, 105, 182, 15, 104, 17, 23, 159, 152, 76, 102, 139, 158, 49, 163, 176, 142, 153, 190, 138, 172, 64, 123, 126, 74, 29, 79, 19, 37, 151, 107, 165, 137, 85, 48, 180, 133, 149, 68, 193, 110, 67, 122, 20, 89, 173, 11, 160, 70, 106, 31, 166, 174, 58, 75, 7, 98, 96, 90]
[128, 27, 157, 92, 121, 72, 84, 10, 2, 28, 135, 97, 94, 0, 141, 9, 188, 189, 38, 169, 52, 148, 69, 197, 39, 116, 66, 196, 4, 131, 61, 25, 99, 55, 100, 112, 80, 178, 78, 187, 46, 140, 183, 36, 71, 168, 33, 24, 145, 45, 8, 26, 34, 171, 156, 198, 130, 177, 60, 175, 179, 93, 56, 6, 83, 57, 114, 53, 162, 51, 115, 195, 185, 59, 73, 164, 144, 65, 132, 167, 113, 86, 88, 42, 184, 117, 105, 182, 15, 104, 17, 23, 159, 143, 152, 76, 102, 139, 158, 49, 163, 176, 142, 153, 190, 138, 172, 64, 123, 126, 74, 29, 79, 19, 37, 151, 107, 165, 137, 85, 48, 180, 133, 149, 68, 193, 110, 67, 122, 20, 89, 173, 11, 160, 70, 106, 31, 166, 174, 58, 75, 7, 98, 96, 90]
[128, 27, 157, 92, 121, 72, 84, 10, 2, 28, 135, 97, 94, 0, 141, 9, 188, 189, 38, 169, 52, 148, 69, 197, 39, 116, 66, 196, 4, 131, 61, 25, 99, 55, 100, 112, 80, 178, 78, 187, 46, 140, 183, 36, 71, 168, 33, 24, 145, 45, 8, 26, 34, 171, 156, 198, 130, 177, 60, 175, 179, 93, 56, 6, 83, 57, 114, 53, 162, 51, 115, 195, 185, 59, 73, 164, 144, 65, 132, 167, 113, 86, 88, 42, 184, 117, 105, 182, 15, 104, 17, 23, 159, 192, 143, 152, 76, 102, 139, 158, 49, 163, 176, 142, 153, 190, 138, 172, 64, 123, 126, 74, 29, 79, 19, 37, 151, 107, 165, 137, 85, 48, 180, 133, 149, 68, 193, 110, 67, 122, 20, 89, 173, 11, 160, 70, 106, 31, 166, 174, 58, 75, 7, 98, 96, 90]
[128, 27, 157, 92, 121, 72, 84, 10, 2, 28, 135, 97, 94, 0, 141, 9, 188, 189, 38, 169, 52, 148, 69, 197, 39, 116, 66, 196, 4, 131, 61, 25, 99, 55, 100, 112, 80, 178, 78, 187, 46, 140, 183, 36, 71, 168, 33, 24, 145, 45, 8, 26, 34, 171, 156, 198, 130, 177, 60, 175, 179, 93, 56, 6, 83, 57, 114, 53, 162, 51, 115, 195, 185, 59, 73, 164, 144, 65, 132, 167, 113, 86, 88, 42, 184, 117, 105, 182, 15, 104, 17, 23, 159, 192, 103, 143, 152, 76, 102, 139, 158, 49, 163, 176, 142, 153, 190, 138, 172, 64, 123, 126, 74, 29, 79, 19, 37, 151, 107, 165, 137, 85, 48, 180, 133, 149, 68, 193, 110, 67, 122, 20, 89, 173, 11, 160, 70, 106, 31, 166, 174, 58, 75, 7, 98, 96, 90]
[128, 27, 157, 92, 121, 72, 84, 10, 2, 28, 135, 97, 94, 0, 141, 9, 188, 189, 38, 169, 52, 148, 69, 197, 39, 116, 66, 196, 4, 131, 61, 25, 99, 55, 100, 112, 80, 178, 78, 187, 46, 140, 183, 36, 71, 168, 33, 24, 145, 45, 8, 26, 34, 171, 156, 198, 130, 177, 60, 175, 179, 93, 56, 6, 83, 57, 114, 53, 162, 51, 115, 195, 185, 59, 73, 164, 144, 65, 132, 167, 113, 86, 88, 42, 184, 117, 105, 182, 15, 104, 17, 23, 159, 192, 103, 54, 143, 152, 76, 102, 139, 158, 49, 163, 176, 142, 153, 190, 138, 172, 64, 123, 126, 74, 29, 79, 19, 37, 151, 107, 165, 137, 85, 48, 180, 133, 149, 68, 193, 110, 67, 122, 20, 89, 173, 11, 160, 70, 106, 31, 166, 174, 58, 75, 7, 98, 96, 90]
[128, 27, 157, 92, 121, 72, 84, 10, 2, 28, 135, 97, 94, 0, 141, 9, 188, 189, 38, 169, 52, 148, 69, 197, 39, 116, 66, 196, 4, 131, 61, 25, 99, 55, 100, 112, 80, 178, 78, 187, 46, 140, 183, 36, 71, 168, 33, 24, 145, 45, 8, 26, 34, 171, 156, 198, 130, 177, 60, 175, 179, 93, 56, 6, 83, 57, 114, 53, 162, 51, 115, 195, 185, 59, 73, 164, 144, 65, 132, 167, 113, 86, 88, 42, 184, 117, 105, 182, 15, 104, 17, 23, 159, 192, 21, 103, 54, 143, 152, 76, 102, 139, 158, 49, 163, 176, 142, 153, 190, 138, 172, 64, 123, 126, 74, 29, 79, 19, 37, 151, 107, 165, 137, 85, 48, 180, 133, 149, 68, 193, 110, 67, 122, 20, 89, 173, 11, 160, 70, 106, 31, 166, 174, 58, 75, 7, 98, 96, 90]
[128, 27, 157, 92, 121, 72, 84, 10, 2, 28, 135, 97, 94, 0, 141, 9, 188, 189, 38, 169, 52, 148, 69, 197, 39, 116, 66, 196, 4, 131, 61, 25, 99, 55, 100, 112, 80, 178, 78, 187, 46, 140, 183, 36, 71, 168, 33, 24, 145, 45, 8, 26, 34, 171, 156, 198, 130, 177, 60, 175, 179, 93, 56, 6, 83, 57, 114, 53, 162, 51, 115, 195, 185, 59, 73, 164, 144, 65, 132, 167, 113, 86, 88, 42, 184, 117, 105, 182, 15, 104, 17, 23, 159, 192, 22, 21, 103, 54, 143, 152, 76, 102, 139, 158, 49, 163, 176, 142, 153, 190, 138, 172, 64, 123, 126, 74, 29, 79, 19, 37, 151, 107, 165, 137, 85, 48, 180, 133, 149, 68, 193, 110, 67, 122, 20, 89, 173, 11, 160, 70, 106, 31, 166, 174, 58, 75, 7, 98, 96, 90]
[128, 27, 157, 92, 121, 72, 84, 10, 2, 28, 135, 97, 94, 0, 141, 9, 188, 189, 38, 169, 52, 148, 69, 197, 39, 116, 66, 196, 4, 131, 61, 25, 99, 55, 100, 112, 80, 178, 78, 187, 46, 140, 183, 36, 71, 168, 33, 24, 145, 45, 8, 26, 34, 171, 156, 198, 130, 177, 60, 175, 179, 93, 56, 6, 83, 57, 114, 53, 162, 51, 115, 195, 185, 59, 73, 164, 144, 65, 132, 167, 113, 86, 88, 42, 184, 117, 105, 182, 15, 104, 17, 23, 159, 192, 22, 21, 170, 103, 54, 143, 152, 76, 102, 139, 158, 49, 163, 176, 142, 153, 190, 138, 172, 64, 123, 126, 74, 29, 79, 19, 37, 151, 107, 165, 137, 85, 48, 180, 133, 149, 68, 193, 110, 67, 122, 20, 89, 173, 11, 160, 70, 106, 31, 166, 174, 58, 75, 7, 98, 96, 90]
[128, 27, 157, 92, 121, 72, 84, 10, 2, 28, 135, 97, 94, 0, 141, 9, 188, 189, 38, 169, 52, 148, 69, 197, 39, 116, 66, 196, 4, 131, 61, 25, 99, 55, 100, 112, 80, 178, 78, 187, 46, 140, 183, 36, 71, 168, 33, 24, 145, 45, 8, 26, 34, 171, 156, 198, 130, 177, 60, 175, 179, 93, 56, 6, 83, 57, 114, 53, 162, 51, 115, 195, 185, 59, 73, 164, 144, 65, 132, 167, 113, 86, 88, 42, 184, 117, 105, 182, 15, 104, 17, 23, 159, 192, 22, 21, 87, 170, 103, 54, 143, 152, 76, 102, 139, 158, 49, 163, 176, 142, 153, 190, 138, 172, 64, 123, 126, 74, 29, 79, 19, 37, 151, 107, 165, 137, 85, 48, 180, 133, 149, 68, 193, 110, 67, 122, 20, 89, 173, 11, 160, 70, 106, 31, 166, 174, 58, 75, 7, 98, 96, 90]
[128, 27, 157, 92, 121, 72, 84, 10, 2, 28, 135, 97, 94, 0, 141, 9, 188, 189, 38, 169, 52, 148, 69, 197, 39, 116, 66, 196, 4, 131, 61, 25, 99, 55, 100, 112, 80, 178, 78, 187, 46, 140, 183, 36, 71, 168, 33, 24, 145, 45, 8, 26, 34, 171, 156, 198, 130, 177, 60, 175, 179, 93, 56, 6, 83, 57, 114, 53, 162, 51, 115, 195, 185, 59, 73, 164, 144, 65, 132, 167, 113, 86, 88, 42, 184, 117, 105, 182, 15, 104, 17, 161, 23, 159, 192, 22, 21, 87, 170, 103, 54, 143, 152, 76, 102, 139, 158, 49, 163, 176, 142, 153, 190, 138, 172, 64, 123, 126, 74, 29, 79, 19, 37, 151, 107, 165, 137, 85, 48, 180, 133, 149, 68, 193, 110, 67, 122, 20, 89, 173, 11, 160, 70, 106, 31, 166, 174, 58, 75, 7, 98, 96, 90]
[128, 27, 157, 92, 121, 72, 84, 10, 2, 28, 135, 97, 94, 0, 141, 9, 188, 189, 38, 169, 52, 148, 69, 197, 39, 116, 66, 196, 4, 131, 61, 25, 99, 55, 100, 112, 80, 178, 78, 187, 46, 140, 183, 36, 71, 168, 33, 24, 145, 45, 8, 26, 34, 171, 156, 198, 130, 177, 60, 175, 179, 93, 56, 6, 83, 57, 114, 53, 162, 51, 115, 195, 185, 59, 73, 164, 144, 65, 132, 167, 113, 86, 88, 42, 184, 117, 105, 182, 15, 104, 17, 95, 161, 23, 159, 192, 22, 21, 87, 170, 103, 54, 143, 152, 76, 102, 139, 158, 49, 163, 176, 142, 153, 190, 138, 172, 64, 123, 126, 74, 29, 79, 19, 37, 151, 107, 165, 137, 85, 48, 180, 133, 149, 68, 193, 110, 67, 122, 20, 89, 173, 11, 160, 70, 106, 31, 166, 174, 58, 75, 7, 98, 96, 90]
[128, 27, 157, 92, 121, 72, 84, 10, 2, 28, 135, 97, 94, 0, 141, 9, 188, 189, 38, 169, 52, 148, 69, 197, 39, 116, 66, 196, 4, 131, 61, 25, 99, 55, 100, 112, 80, 178, 78, 187, 46, 140, 183, 36, 71, 168, 33, 24, 145, 45, 8, 26, 34, 171, 156, 198, 130, 177, 60, 175, 179, 93, 56, 6, 83, 57, 114, 53, 162, 51, 115, 195, 185, 59, 73, 164, 144, 65, 132, 167, 113, 86, 88, 42, 184, 117, 105, 182, 15, 104, 17, 95, 136, 161, 23, 159, 192, 22, 21, 87, 170, 103, 54, 143, 152, 76, 102, 139, 158, 49, 163, 176, 142, 153, 190, 138, 172, 64, 123, 126, 74, 29, 79, 19, 37, 151, 107, 165, 137, 85, 48, 180, 133, 149, 68, 193, 110, 67, 122, 20, 89, 173, 11, 160, 70, 106, 31, 166, 174, 58, 75, 7, 98, 96, 90]
[128, 27, 157, 92, 121, 72, 84, 10, 2, 28, 135, 97, 94, 0, 141, 9, 188, 189, 38, 169, 52, 148, 69, 197, 39, 116, 66, 196, 4, 131, 61, 25, 99, 55, 100, 112, 80, 178, 78, 187, 46, 140, 183, 36, 71, 168, 33, 24, 145, 45, 8, 26, 34, 171, 156, 198, 130, 177, 60, 175, 179, 93, 56, 6, 83, 57, 114, 53, 162, 51, 115, 195, 185, 59, 73, 164, 144, 65, 132, 167, 113, 86, 88, 42, 184, 117, 105, 182, 15, 104, 17, 95, 118, 136, 161, 23, 159, 192, 22, 21, 87, 170, 103, 54, 143, 152, 76, 102, 139, 158, 49, 163, 176, 142, 153, 190, 138, 172, 64, 123, 126, 74, 29, 79, 19, 37, 151, 107, 165, 137, 85, 48, 180, 133, 149, 68, 193, 110, 67, 122, 20, 89, 173, 11, 160, 70, 106, 31, 166, 174, 58, 75, 7, 98, 96, 90]
[128, 27, 157, 92, 121, 72, 84, 10, 2, 28, 135, 97, 94, 0, 141, 9, 188, 189, 38, 169, 52, 148, 69, 197, 39, 116, 66, 196, 4, 131, 61, 25, 99, 55, 100, 112, 80, 178, 78, 187, 46, 140, 183, 36, 71, 168, 33, 24, 145, 45, 8, 26, 34, 171, 156, 198, 130, 177, 60, 175, 179, 93, 56, 6, 83, 57, 114, 53, 162, 51, 115, 195, 185, 59, 73, 164, 144, 65, 132, 167, 113, 86, 88, 42, 184, 117, 105, 182, 15, 104, 17, 95, 118, 91, 136, 161, 23, 159, 192, 22, 21, 87, 170, 103, 54, 143, 152, 76, 102, 139, 158, 49, 163, 176, 142, 153, 190, 138, 172, 64, 123, 126, 74, 29, 79, 19, 37, 151, 107, 165, 137, 85, 48, 180, 133, 149, 68, 193, 110, 67, 122, 20, 89, 173, 11, 160, 70, 106, 31, 166, 174, 58, 75, 7, 98, 96, 90]
[128, 27, 157, 92, 121, 72, 84, 10, 2, 28, 135, 97, 94, 0, 141, 9, 188, 189, 38, 169, 52, 148, 69, 197, 39, 116, 66, 196, 4, 131, 61, 25, 99, 55, 100, 112, 80, 178, 78, 187, 46, 140, 183, 36, 71, 168, 33, 24, 145, 45, 8, 26, 34, 171, 156, 198, 130, 177, 60, 175, 179, 93, 56, 6, 83, 57, 114, 53, 162, 51, 115, 195, 185, 59, 73, 164, 144, 65, 132, 167, 113, 86, 88, 42, 184, 117, 105, 182, 15, 104, 17, 95, 118, 91, 150, 136, 161, 23, 159, 192, 22, 21, 87, 170, 103, 54, 143, 152, 76, 102, 139, 158, 49, 163, 176, 142, 153, 190, 138, 172, 64, 123, 126, 74, 29, 79, 19, 37, 151, 107, 165, 137, 85, 48, 180, 133, 149, 68, 193, 110, 67, 122, 20, 89, 173, 11, 160, 70, 106, 31, 166, 174, 58, 75, 7, 98, 96, 90]
[128, 27, 157, 92, 121, 72, 84, 10, 2, 28, 135, 97, 94, 0, 141, 9, 188, 189, 38, 169, 52, 148, 69, 197, 39, 116, 66, 196, 4, 131, 61, 25, 99, 55, 100, 112, 80, 178, 78, 187, 46, 140, 183, 36, 71, 168, 33, 24, 145, 45, 8, 26, 34, 171, 156, 198, 130, 177, 60, 175, 179, 93, 56, 6, 83, 57, 114, 53, 162, 51, 115, 195, 185, 59, 73, 164, 144, 65, 132, 167, 113, 86, 88, 42, 184, 117, 105, 182, 15, 104, 17, 95, 118, 91, 150, 18, 136, 161, 23, 159, 192, 22, 21, 87, 170, 103, 54, 143, 152, 76, 102, 139, 158, 49, 163, 176, 142, 153, 190, 138, 172, 64, 123, 126, 74, 29, 79, 19, 37, 151, 107, 165, 137, 85, 48, 180, 133, 149, 68, 193, 110, 67, 122, 20, 89, 173, 11, 160, 70, 106, 31, 166, 174, 58, 75, 7, 98, 96, 90]
[128, 27, 157, 92, 121, 72, 84, 10, 2, 28, 135, 97, 94, 0, 141, 9, 188, 189, 38, 169, 52, 148, 69, 197, 39, 116, 66, 196, 4, 131, 61, 25, 99, 55, 100, 112, 80, 178, 78, 187, 46, 140, 183, 36, 71, 168, 33, 24, 145, 45, 8, 26, 34, 171, 156, 198, 130, 177, 60, 175, 179, 93, 56, 6, 83, 57, 114, 53, 162, 51, 115, 195, 185, 59, 73, 164, 144, 65, 132, 167, 113, 86, 88, 42, 184, 117, 105, 182, 15, 104, 17, 95, 118, 91, 199, 150, 18, 136, 161, 23, 159, 192, 22, 21, 87, 170, 103, 54, 143, 152, 76, 102, 139, 158, 49, 163, 176, 142, 153, 190, 138, 172, 64, 123, 126, 74, 29, 79, 19, 37, 151, 107, 165, 137, 85, 48, 180, 133, 149, 68, 193, 110, 67, 122, 20, 89, 173, 11, 160, 70, 106, 31, 166, 174, 58, 75, 7, 98, 96, 90]
[128, 27, 157, 92, 121, 72, 84, 10, 2, 28, 135, 97, 94, 0, 141, 9, 188, 189, 38, 169, 52, 148, 69, 197, 39, 116, 66, 196, 4, 131, 61, 25, 99, 55, 100, 112, 80, 178, 78, 187, 46, 140, 183, 36, 71, 168, 33, 24, 145, 45, 8, 26, 34, 171, 156, 198, 130, 177, 60, 175, 179, 93, 56, 6, 83, 57, 114, 53, 162, 51, 115, 195, 185, 59, 73, 164, 144, 65, 132, 167, 113, 86, 88, 42, 184, 117, 105, 182, 15, 104, 17, 95, 118, 91, 101, 199, 150, 18, 136, 161, 23, 159, 192, 22, 21, 87, 170, 103, 54, 143, 152, 76, 102, 139, 158, 49, 163, 176, 142, 153, 190, 138, 172, 64, 123, 126, 74, 29, 79, 19, 37, 151, 107, 165, 137, 85, 48, 180, 133, 149, 68, 193, 110, 67, 122, 20, 89, 173, 11, 160, 70, 106, 31, 166, 174, 58, 75, 7, 98, 96, 90]
[128, 27, 157, 92, 121, 72, 84, 10, 2, 28, 135, 97, 94, 0, 141, 9, 188, 189, 38, 169, 52, 148, 69, 197, 39, 116, 66, 196, 4, 131, 61, 25, 99, 55, 100, 112, 80, 178, 78, 187, 46, 140, 183, 36, 71, 168, 33, 24, 145, 45, 8, 26, 34, 171, 156, 198, 130, 177, 60, 175, 179, 93, 56, 6, 83, 57, 114, 53, 162, 51, 115, 195, 185, 59, 73, 164, 144, 65, 132, 167, 113, 86, 88, 42, 184, 117, 105, 182, 15, 104, 17, 44, 95, 118, 91, 101, 199, 150, 18, 136, 161, 23, 159, 192, 22, 21, 87, 170, 103, 54, 143, 152, 76, 102, 139, 158, 49, 163, 176, 142, 153, 190, 138, 172, 64, 123, 126, 74, 29, 79, 19, 37, 151, 107, 165, 137, 85, 48, 180, 133, 149, 68, 193, 110, 67, 122, 20, 89, 173, 11, 160, 70, 106, 31, 166, 174, 58, 75, 7, 98, 96, 90]
[128, 27, 157, 92, 121, 72, 84, 10, 2, 28, 135, 97, 94, 0, 141, 9, 188, 189, 38, 169, 52, 148, 69, 197, 39, 116, 66, 196, 4, 131, 61, 25, 99, 55, 100, 112, 80, 178, 78, 187, 46, 140, 183, 36, 71, 168, 33, 24, 145, 45, 8, 26, 34, 171, 156, 198, 130, 177, 60, 175, 179, 93, 56, 6, 83, 57, 114, 53, 162, 51, 115, 195, 185, 59, 73, 164, 144, 65, 132, 167, 113, 86, 88, 42, 184, 117, 105, 182, 15, 104, 17, 44, 35, 95, 118, 91, 101, 199, 150, 18, 136, 161, 23, 159, 192, 22, 21, 87, 170, 103, 54, 143, 152, 76, 102, 139, 158, 49, 163, 176, 142, 153, 190, 138, 172, 64, 123, 126, 74, 29, 79, 19, 37, 151, 107, 165, 137, 85, 48, 180, 133, 149, 68, 193, 110, 67, 122, 20, 89, 173, 11, 160, 70, 106, 31, 166, 174, 58, 75, 7, 98, 96, 90]
[128, 27, 157, 92, 121, 72, 84, 10, 2, 28, 135, 97, 94, 0, 141, 9, 188, 189, 38, 169, 52, 148, 69, 197, 39, 116, 66, 196, 4, 131, 61, 25, 99, 55, 100, 112, 80, 178, 78, 187, 46, 140, 183, 36, 71, 168, 33, 24, 145, 45, 8, 26, 34, 171, 156, 198, 130, 177, 60, 175, 179, 93, 56, 6, 83, 57, 114, 53, 162, 51, 115, 195, 185, 59, 73, 164, 144, 65, 132, 167, 113, 86, 88, 42, 184, 117, 105, 182, 15, 104, 17, 44, 35, 95, 118, 91, 101, 199, 129, 150, 18, 136, 161, 23, 159, 192, 22, 21, 87, 170, 103, 54, 143, 152, 76, 102, 139, 158, 49, 163, 176, 142, 153, 190, 138, 172, 64, 123, 126, 74, 29, 79, 19, 37, 151, 107, 165, 137, 85, 48, 180, 133, 149, 68, 193, 110, 67, 122, 20, 89, 173, 11, 160, 70, 106, 31, 166, 174, 58, 75, 7, 98, 96, 90]
[128, 27, 157, 92, 121, 72, 84, 10, 2, 28, 135, 97, 94, 0, 141, 9, 188, 189, 38, 169, 52, 148, 69, 197, 39, 116, 66, 196, 4, 131, 61, 25, 99, 55, 100, 112, 80, 178, 78, 187, 46, 140, 183, 36, 71, 168, 33, 24, 145, 45, 8, 26, 34, 171, 156, 198, 130, 177, 60, 175, 179, 93, 56, 6, 83, 57, 114, 53, 162, 51, 115, 195, 185, 59, 73, 164, 144, 65, 132, 167, 113, 86, 88, 42, 184, 117, 105, 182, 15, 104, 17, 44, 16, 35, 95, 118, 91, 101, 199, 129, 150, 18, 136, 161, 23, 159, 192, 22, 21, 87, 170, 103, 54, 143, 152, 76, 102, 139, 158, 49, 163, 176, 142, 153, 190, 138, 172, 64, 123, 126, 74, 29, 79, 19, 37, 151, 107, 165, 137, 85, 48, 180, 133, 149, 68, 193, 110, 67, 122, 20, 89, 173, 11, 160, 70, 106, 31, 166, 174, 58, 75, 7, 98, 96, 90]
[128, 27, 157, 92, 121, 72, 84, 10, 2, 28, 135, 97, 94, 0, 141, 9, 188, 189, 38, 169, 52, 148, 69, 197, 39, 116, 66, 196, 4, 131, 61, 25, 99, 55, 100, 112, 80, 178, 78, 187, 46, 140, 183, 36, 71, 168, 33, 24, 145, 45, 8, 26, 34, 171, 156, 198, 130, 177, 60, 175, 179, 93, 56, 6, 83, 57, 114, 53, 162, 51, 115, 195, 185, 59, 73, 164, 144, 65, 132, 167, 113, 86, 88, 42, 184, 117, 105, 182, 15, 104, 17, 44, 16, 191, 35, 95, 118, 91, 101, 199, 129, 150, 18, 136, 161, 23, 159, 192, 22, 21, 87, 170, 103, 54, 143, 152, 76, 102, 139, 158, 49, 163, 176, 142, 153, 190, 138, 172, 64, 123, 126, 74, 29, 79, 19, 37, 151, 107, 165, 137, 85, 48, 180, 133, 149, 68, 193, 110, 67, 122, 20, 89, 173, 11, 160, 70, 106, 31, 166, 174, 58, 75, 7, 98, 96, 90]
[128, 27, 157, 92, 121, 72, 84, 10, 2, 28, 135, 97, 94, 0, 141, 9, 188, 189, 38, 169, 52, 148, 69, 197, 39, 116, 66, 196, 4, 131, 61, 25, 99, 55, 100, 112, 80, 178, 78, 187, 46, 140, 183, 36, 71, 168, 33, 24, 145, 45, 8, 26, 34, 171, 156, 198, 130, 177, 60, 175, 179, 93, 56, 6, 83, 57, 114, 53, 162, 51, 115, 195, 185, 59, 73, 164, 144, 65, 132, 167, 113, 86, 88, 42, 184, 117, 105, 182, 15, 104, 17, 44, 16, 191, 40, 35, 95, 118, 91, 101, 199, 129, 150, 18, 136, 161, 23, 159, 192, 22, 21, 87, 170, 103, 54, 143, 152, 76, 102, 139, 158, 49, 163, 176, 142, 153, 190, 138, 172, 64, 123, 126, 74, 29, 79, 19, 37, 151, 107, 165, 137, 85, 48, 180, 133, 149, 68, 193, 110, 67, 122, 20, 89, 173, 11, 160, 70, 106, 31, 166, 174, 58, 75, 7, 98, 96, 90]
[128, 27, 157, 92, 121, 72, 84, 10, 2, 28, 135, 97, 94, 0, 141, 9, 188, 189, 38, 169, 52, 148, 69, 197, 39, 116, 66, 196, 4, 131, 61, 25, 99, 55, 100, 112, 80, 178, 78, 187, 46, 140, 183, 36, 71, 168, 33, 24, 145, 45, 8, 26, 34, 171, 156, 198, 130, 177, 60, 175, 179, 93, 56, 6, 83, 57, 114, 53, 162, 51, 115, 195, 185, 59, 73, 164, 144, 65, 132, 167, 113, 86, 88, 42, 184, 117, 105, 182, 15, 104, 17, 44, 16, 191, 40, 35, 95, 118, 91, 101, 199, 43, 129, 150, 18, 136, 161, 23, 159, 192, 22, 21, 87, 170, 103, 54, 143, 152, 76, 102, 139, 158, 49, 163, 176, 142, 153, 190, 138, 172, 64, 123, 126, 74, 29, 79, 19, 37, 151, 107, 165, 137, 85, 48, 180, 133, 149, 68, 193, 110, 67, 122, 20, 89, 173, 11, 160, 70, 106, 31, 166, 174, 58, 75, 7, 98, 96, 90]
[128, 27, 157, 92, 121, 72, 84, 10, 2, 28, 135, 97, 94, 0, 141, 9, 188, 189, 38, 169, 52, 148, 69, 197, 39, 116, 66, 196, 4, 131, 61, 25, 99, 55, 100, 112, 80, 178, 78, 187, 46, 140, 183, 36, 71, 168, 33, 24, 145, 45, 8, 26, 34, 171, 156, 198, 130, 177, 60, 175, 179, 93, 56, 6, 83, 57, 114, 53, 162, 51, 115, 195, 185, 59, 73, 164, 144, 65, 132, 167, 113, 86, 88, 42, 184, 117, 105, 182, 15, 104, 17, 44, 16, 191, 40, 35, 95, 118, 91, 101, 199, 43, 129, 134, 150, 18, 136, 161, 23, 159, 192, 22, 21, 87, 170, 103, 54, 143, 152, 76, 102, 139, 158, 49, 163, 176, 142, 153, 190, 138, 172, 64, 123, 126, 74, 29, 79, 19, 37, 151, 107, 165, 137, 85, 48, 180, 133, 149, 68, 193, 110, 67, 122, 20, 89, 173, 11, 160, 70, 106, 31, 166, 174, 58, 75, 7, 98, 96, 90]
[128, 27, 157, 92, 121, 72, 84, 10, 2, 28, 135, 97, 94, 0, 141, 9, 188, 189, 38, 169, 52, 148, 69, 197, 39, 116, 66, 196, 4, 131, 61, 25, 99, 55, 100, 112, 80, 178, 78, 187, 46, 140, 183, 36, 71, 168, 33, 24, 145, 45, 8, 26, 34, 171, 156, 198, 130, 177, 60, 175, 179, 93, 56, 6, 83, 57, 114, 53, 162, 51, 115, 195, 185, 59, 73, 164, 144, 65, 132, 167, 113, 86, 88, 42, 184, 117, 105, 182, 15, 104, 17, 44, 16, 191, 40, 147, 35, 95, 118, 91, 101, 199, 43, 129, 134, 150, 18, 136, 161, 23, 159, 192, 22, 21, 87, 170, 103, 54, 143, 152, 76, 102, 139, 158, 49, 163, 176, 142, 153, 190, 138, 172, 64, 123, 126, 74, 29, 79, 19, 37, 151, 107, 165, 137, 85, 48, 180, 133, 149, 68, 193, 110, 67, 122, 20, 89, 173, 11, 160, 70, 106, 31, 166, 174, 58, 75, 7, 98, 96, 90]
[128, 27, 157, 92, 121, 72, 84, 10, 2, 28, 135, 97, 94, 0, 141, 9, 188, 189, 38, 169, 52, 148, 69, 197, 39, 116, 66, 196, 4, 131, 61, 25, 99, 55, 100, 112, 80, 178, 78, 187, 46, 140, 183, 36, 71, 168, 33, 24, 145, 45, 8, 26, 34, 171, 156, 198, 130, 177, 60, 175, 179, 93, 56, 6, 83, 57, 114, 53, 162, 51, 115, 195, 185, 59, 73, 164, 144, 65, 132, 167, 113, 86, 88, 42, 184, 117, 105, 182, 15, 104, 17, 44, 77, 16, 191, 40, 147, 35, 95, 118, 91, 101, 199, 43, 129, 134, 150, 18, 136, 161, 23, 159, 192, 22, 21, 87, 170, 103, 54, 143, 152, 76, 102, 139, 158, 49, 163, 176, 142, 153, 190, 138, 172, 64, 123, 126, 74, 29, 79, 19, 37, 151, 107, 165, 137, 85, 48, 180, 133, 149, 68, 193, 110, 67, 122, 20, 89, 173, 11, 160, 70, 106, 31, 166, 174, 58, 75, 7, 98, 96, 90]
[128, 27, 157, 92, 121, 72, 84, 10, 2, 28, 135, 97, 94, 0, 141, 9, 188, 189, 38, 169, 52, 148, 69, 197, 39, 116, 66, 196, 4, 131, 61, 25, 99, 55, 100, 112, 80, 178, 78, 187, 46, 140, 183, 36, 71, 168, 33, 24, 145, 45, 8, 26, 34, 171, 156, 198, 130, 177, 60, 175, 179, 93, 56, 6, 83, 57, 114, 53, 162, 51, 115, 195, 185, 59, 73, 164, 144, 65, 132, 167, 113, 86, 88, 42, 184, 117, 105, 182, 15, 104, 17, 44, 77, 154, 16, 191, 40, 147, 35, 95, 118, 91, 101, 199, 43, 129, 134, 150, 18, 136, 161, 23, 159, 192, 22, 21, 87, 170, 103, 54, 143, 152, 76, 102, 139, 158, 49, 163, 176, 142, 153, 190, 138, 172, 64, 123, 126, 74, 29, 79, 19, 37, 151, 107, 165, 137, 85, 48, 180, 133, 149, 68, 193, 110, 67, 122, 20, 89, 173, 11, 160, 70, 106, 31, 166, 174, 58, 75, 7, 98, 96, 90]
[128, 27, 157, 92, 121, 72, 84, 10, 2, 28, 135, 97, 94, 0, 141, 9, 188, 189, 38, 169, 52, 148, 69, 197, 39, 116, 66, 196, 4, 131, 61, 25, 99, 55, 100, 112, 80, 178, 78, 187, 46, 140, 183, 36, 71, 168, 33, 24, 145, 45, 8, 26, 34, 171, 156, 198, 130, 177, 60, 175, 179, 93, 56, 6, 83, 57, 114, 53, 162, 51, 115, 195, 185, 59, 73, 164, 144, 65, 132, 167, 113, 86, 88, 42, 184, 117, 105, 182, 15, 104, 17, 44, 77, 154, 12, 16, 191, 40, 147, 35, 95, 118, 91, 101, 199, 43, 129, 134, 150, 18, 136, 161, 23, 159, 192, 22, 21, 87, 170, 103, 54, 143, 152, 76, 102, 139, 158, 49, 163, 176, 142, 153, 190, 138, 172, 64, 123, 126, 74, 29, 79, 19, 37, 151, 107, 165, 137, 85, 48, 180, 133, 149, 68, 193, 110, 67, 122, 20, 89, 173, 11, 160, 70, 106, 31, 166, 174, 58, 75, 7, 98, 96, 90]
[128, 27, 157, 92, 121, 72, 84, 10, 2, 28, 135, 97, 94, 0, 141, 9, 188, 189, 38, 169, 52, 148, 69, 197, 39, 116, 66, 196, 4, 131, 61, 25, 99, 55, 100, 112, 80, 178, 78, 187, 46, 140, 183, 36, 71, 168, 33, 24, 145, 45, 8, 26, 34, 171, 156, 198, 130, 177, 60, 175, 179, 93, 56, 6, 83, 57, 114, 53, 162, 51, 115, 195, 185, 59, 73, 164, 144, 65, 132, 167, 113, 86, 88, 42, 184, 117, 105, 182, 15, 104, 17, 44, 77, 154, 12, 186, 16, 191, 40, 147, 35, 95, 118, 91, 101, 199, 43, 129, 134, 150, 18, 136, 161, 23, 159, 192, 22, 21, 87, 170, 103, 54, 143, 152, 76, 102, 139, 158, 49, 163, 176, 142, 153, 190, 138, 172, 64, 123, 126, 74, 29, 79, 19, 37, 151, 107, 165, 137, 85, 48, 180, 133, 149, 68, 193, 110, 67, 122, 20, 89, 173, 11, 160, 70, 106, 31, 166, 174, 58, 75, 7, 98, 96, 90]
[128, 27, 157, 92, 121, 72, 84, 10, 2, 28, 135, 97, 94, 0, 141, 9, 188, 189, 38, 169, 52, 148, 69, 197, 39, 116, 66, 196, 4, 131, 61, 25, 99, 55, 100, 112, 80, 178, 78, 187, 46, 140, 183, 36, 71, 168, 33, 24, 145, 45, 8, 26, 34, 171, 156, 198, 130, 177, 60, 175, 179, 93, 56, 6, 83, 57, 114, 53, 162, 51, 115, 195, 185, 59, 73, 164, 144, 65, 132, 167, 113, 86, 88, 42, 184, 117, 105, 182, 15, 104, 17, 44, 77, 154, 12, 125, 186, 16, 191, 40, 147, 35, 95, 118, 91, 101, 199, 43, 129, 134, 150, 18, 136, 161, 23, 159, 192, 22, 21, 87, 170, 103, 54, 143, 152, 76, 102, 139, 158, 49, 163, 176, 142, 153, 190, 138, 172, 64, 123, 126, 74, 29, 79, 19, 37, 151, 107, 165, 137, 85, 48, 180, 133, 149, 68, 193, 110, 67, 122, 20, 89, 173, 11, 160, 70, 106, 31, 166, 174, 58, 75, 7, 98, 96, 90]
[128, 27, 157, 92, 121, 72, 84, 10, 2, 28, 135, 97, 94, 0, 141, 9, 188, 189, 38, 169, 52, 148, 69, 197, 39, 116, 66, 196, 4, 131, 61, 25, 99, 55, 100, 112, 80, 178, 78, 187, 46, 140, 183, 36, 71, 168, 33, 24, 145, 45, 8, 26, 34, 171, 156, 198, 130, 177, 60, 175, 179, 93, 56, 6, 83, 57, 114, 53, 162, 51, 115, 195, 185, 59, 73, 164, 144, 65, 132, 167, 113, 86, 88, 42, 184, 117, 105, 182, 15, 104, 17, 44, 77, 154, 12, 62, 125, 186, 16, 191, 40, 147, 35, 95, 118, 91, 101, 199, 43, 129, 134, 150, 18, 136, 161, 23, 159, 192, 22, 21, 87, 170, 103, 54, 143, 152, 76, 102, 139, 158, 49, 163, 176, 142, 153, 190, 138, 172, 64, 123, 126, 74, 29, 79, 19, 37, 151, 107, 165, 137, 85, 48, 180, 133, 149, 68, 193, 110, 67, 122, 20, 89, 173, 11, 160, 70, 106, 31, 166, 174, 58, 75, 7, 98, 96, 90]
[128, 27, 157, 92, 121, 72, 84, 10, 2, 28, 135, 97, 94, 0, 141, 9, 188, 189, 38, 169, 52, 148, 69, 197, 39, 116, 66, 196, 4, 131, 61, 25, 99, 55, 100, 112, 80, 178, 78, 187, 46, 140, 183, 36, 71, 168, 33, 24, 145, 45, 8, 26, 34, 171, 156, 198, 130, 177, 60, 175, 179, 93, 56, 6, 83, 57, 114, 53, 162, 51, 115, 195, 185, 59, 73, 164, 144, 65, 132, 167, 113, 86, 88, 42, 184, 117, 105, 182, 15, 104, 17, 44, 77, 1, 154, 12, 62, 125, 186, 16, 191, 40, 147, 35, 95, 118, 91, 101, 199, 43, 129, 134, 150, 18, 136, 161, 23, 159, 192, 22, 21, 87, 170, 103, 54, 143, 152, 76, 102, 139, 158, 49, 163, 176, 142, 153, 190, 138, 172, 64, 123, 126, 74, 29, 79, 19, 37, 151, 107, 165, 137, 85, 48, 180, 133, 149, 68, 193, 110, 67, 122, 20, 89, 173, 11, 160, 70, 106, 31, 166, 174, 58, 75, 7, 98, 96, 90]
[128, 27, 157, 92, 121, 72, 84, 10, 2, 28, 135, 97, 94, 0, 141, 9, 188, 189, 38, 169, 52, 148, 69, 197, 39, 116, 66, 196, 4, 131, 61, 25, 99, 55, 100, 112, 80, 178, 78, 187, 46, 140, 183, 36, 71, 168, 33, 24, 145, 45, 8, 26, 34, 171, 156, 198, 130, 177, 60, 175, 179, 93, 56, 6, 83, 57, 114, 53, 162, 51, 115, 195, 185, 59, 73, 164, 144, 65, 132, 167, 113, 86, 88, 42, 184, 117, 105, 182, 15, 104, 17, 44, 77, 1, 108, 154, 12, 62, 125, 186, 16, 191, 40, 147, 35, 95, 118, 91, 101, 199, 43, 129, 134, 150, 18, 136, 161, 23, 159, 192, 22, 21, 87, 170, 103, 54, 143, 152, 76, 102, 139, 158, 49, 163, 176, 142, 153, 190, 138, 172, 64, 123, 126, 74, 29, 79, 19, 37, 151, 107, 165, 137, 85, 48, 180, 133, 149, 68, 193, 110, 67, 122, 20, 89, 173, 11, 160, 70, 106, 31, 166, 174, 58, 75, 7, 98, 96, 90]
[128, 27, 157, 92, 121, 72, 84, 10, 2, 28, 135, 97, 94, 0, 141, 9, 188, 189, 38, 169, 52, 148, 69, 197, 39, 116, 66, 196, 4, 131, 61, 25, 99, 55, 100, 112, 80, 178, 78, 187, 46, 140, 183, 36, 71, 168, 33, 24, 145, 45, 8, 26, 34, 171, 156, 198, 130, 177, 60, 175, 179, 93, 56, 6, 83, 57, 114, 53, 162, 51, 115, 195, 185, 59, 73, 164, 144, 65, 132, 167, 113, 86, 88, 42, 184, 117, 105, 182, 15, 104, 17, 44, 77, 1, 108, 41, 154, 12, 62, 125, 186, 16, 191, 40, 147, 35, 95, 118, 91, 101, 199, 43, 129, 134, 150, 18, 136, 161, 23, 159, 192, 22, 21, 87, 170, 103, 54, 143, 152, 76, 102, 139, 158, 49, 163, 176, 142, 153, 190, 138, 172, 64, 123, 126, 74, 29, 79, 19, 37, 151, 107, 165, 137, 85, 48, 180, 133, 149, 68, 193, 110, 67, 122, 20, 89, 173, 11, 160, 70, 106, 31, 166, 174, 58, 75, 7, 98, 96, 90]
[128, 27, 157, 92, 121, 72, 84, 10, 2, 28, 135, 97, 94, 0, 141, 9, 188, 189, 38, 169, 52, 148, 69, 197, 39, 116, 66, 196, 4, 131, 61, 25, 99, 55, 100, 112, 80, 178, 78, 187, 46, 140, 183, 36, 71, 168, 33, 24, 145, 45, 8, 26, 34, 171, 156, 198, 130, 177, 60, 175, 179, 93, 56, 6, 83, 57, 114, 53, 162, 51, 115, 195, 185, 59, 73, 164, 144, 65, 132, 167, 113, 86, 88, 42, 184, 117, 105, 182, 15, 104, 17, 44, 77, 1, 108, 41, 109, 154, 12, 62, 125, 186, 16, 191, 40, 147, 35, 95, 118, 91, 101, 199, 43, 129, 134, 150, 18, 136, 161, 23, 159, 192, 22, 21, 87, 170, 103, 54, 143, 152, 76, 102, 139, 158, 49, 163, 176, 142, 153, 190, 138, 172, 64, 123, 126, 74, 29, 79, 19, 37, 151, 107, 165, 137, 85, 48, 180, 133, 149, 68, 193, 110, 67, 122, 20, 89, 173, 11, 160, 70, 106, 31, 166, 174, 58, 75, 7, 98, 96, 90]
[128, 27, 157, 92, 121, 72, 84, 10, 2, 28, 135, 97, 94, 0, 141, 9, 188, 189, 38, 169, 52, 148, 69, 197, 39, 116, 66, 196, 4, 131, 61, 25, 99, 55, 100, 112, 80, 178, 78, 187, 46, 140, 183, 36, 71, 168, 33, 24, 145, 45, 8, 26, 34, 171, 156, 198, 130, 177, 60, 175, 179, 93, 56, 6, 83, 57, 114, 53, 162, 51, 115, 195, 185, 59, 73, 164, 144, 65, 132, 167, 113, 86, 88, 42, 184, 117, 105, 182, 15, 104, 17, 44, 77, 1, 108, 119, 41, 109, 154, 12, 62, 125, 186, 16, 191, 40, 147, 35, 95, 118, 91, 101, 199, 43, 129, 134, 150, 18, 136, 161, 23, 159, 192, 22, 21, 87, 170, 103, 54, 143, 152, 76, 102, 139, 158, 49, 163, 176, 142, 153, 190, 138, 172, 64, 123, 126, 74, 29, 79, 19, 37, 151, 107, 165, 137, 85, 48, 180, 133, 149, 68, 193, 110, 67, 122, 20, 89, 173, 11, 160, 70, 106, 31, 166, 174, 58, 75, 7, 98, 96, 90]
[128, 27, 157, 92, 121, 72, 84, 10, 2, 28, 135, 97, 94, 0, 141, 9, 188, 189, 38, 169, 52, 148, 69, 197, 39, 116, 66, 196, 4, 131, 61, 25, 99, 55, 100, 112, 80, 178, 78, 187, 46, 140, 183, 36, 71, 168, 33, 24, 145, 45, 8, 26, 34, 171, 156, 198, 130, 177, 60, 175, 179, 93, 56, 6, 83, 57, 114, 53, 162, 51, 115, 195, 185, 59, 73, 164, 144, 65, 132, 167, 113, 86, 88, 42, 184, 117, 105, 182, 15, 104, 17, 44, 77, 1, 108, 124, 119, 41, 109, 154, 12, 62, 125, 186, 16, 191, 40, 147, 35, 95, 118, 91, 101, 199, 43, 129, 134, 150, 18, 136, 161, 23, 159, 192, 22, 21, 87, 170, 103, 54, 143, 152, 76, 102, 139, 158, 49, 163, 176, 142, 153, 190, 138, 172, 64, 123, 126, 74, 29, 79, 19, 37, 151, 107, 165, 137, 85, 48, 180, 133, 149, 68, 193, 110, 67, 122, 20, 89, 173, 11, 160, 70, 106, 31, 166, 174, 58, 75, 7, 98, 96, 90]
[128, 27, 157, 92, 121, 72, 84, 10, 2, 28, 135, 97, 94, 0, 141, 9, 188, 189, 38, 169, 52, 148, 69, 197, 39, 116, 66, 196, 4, 131, 61, 25, 99, 55, 100, 112, 80, 178, 78, 187, 46, 140, 183, 36, 71, 168, 33, 24, 145, 45, 8, 26, 34, 171, 156, 198, 130, 177, 60, 175, 179, 93, 56, 6, 83, 57, 114, 53, 162, 51, 115, 195, 185, 59, 73, 164, 144, 65, 132, 167, 113, 86, 88, 42, 184, 117, 105, 182, 15, 104, 17, 44, 77, 1, 108, 13, 124, 119, 41, 109, 154, 12, 62, 125, 186, 16, 191, 40, 147, 35, 95, 118, 91, 101, 199, 43, 129, 134, 150, 18, 136, 161, 23, 159, 192, 22, 21, 87, 170, 103, 54, 143, 152, 76, 102, 139, 158, 49, 163, 176, 142, 153, 190, 138, 172, 64, 123, 126, 74, 29, 79, 19, 37, 151, 107, 165, 137, 85, 48, 180, 133, 149, 68, 193, 110, 67, 122, 20, 89, 173, 11, 160, 70, 106, 31, 166, 174, 58, 75, 7, 98, 96, 90]
[128, 27, 157, 92, 121, 72, 84, 10, 2, 28, 135, 97, 94, 0, 141, 9, 188, 189, 38, 169, 52, 148, 69, 197, 39, 116, 66, 196, 4, 131, 61, 25, 99, 55, 100, 112, 80, 178, 78, 187, 46, 140, 183, 36, 71, 168, 33, 24, 145, 45, 8, 26, 34, 171, 156, 198, 130, 177, 60, 175, 179, 93, 56, 6, 83, 57, 114, 53, 162, 51, 115, 195, 185, 59, 73, 164, 144, 65, 132, 167, 113, 86, 88, 42, 184, 117, 105, 182, 15, 104, 17, 44, 77, 1, 108, 63, 13, 124, 119, 41, 109, 154, 12, 62, 125, 186, 16, 191, 40, 147, 35, 95, 118, 91, 101, 199, 43, 129, 134, 150, 18, 136, 161, 23, 159, 192, 22, 21, 87, 170, 103, 54, 143, 152, 76, 102, 139, 158, 49, 163, 176, 142, 153, 190, 138, 172, 64, 123, 126, 74, 29, 79, 19, 37, 151, 107, 165, 137, 85, 48, 180, 133, 149, 68, 193, 110, 67, 122, 20, 89, 173, 11, 160, 70, 106, 31, 166, 174, 58, 75, 7, 98, 96, 90]
[128, 27, 157, 92, 121, 72, 84, 10, 2, 28, 135, 97, 94, 0, 141, 9, 188, 189, 38, 169, 52, 148, 69, 197, 39, 116, 66, 196, 4, 131, 61, 25, 99, 55, 100, 112, 80, 178, 78, 187, 46, 140, 183, 36, 71, 168, 33, 24, 145, 45, 8, 26, 34, 171, 156, 198, 130, 177, 60, 175, 179, 93, 56, 6, 83, 57, 114, 53, 162, 51, 115, 195, 185, 59, 73, 164, 144, 65, 132, 167, 113, 86, 88, 42, 184, 117, 105, 182, 15, 104, 17, 44, 77, 1, 108, 81, 63, 13, 124, 119, 41, 109, 154, 12, 62, 125, 186, 16, 191, 40, 147, 35, 95, 118, 91, 101, 199, 43, 129, 134, 150, 18, 136, 161, 23, 159, 192, 22, 21, 87, 170, 103, 54, 143, 152, 76, 102, 139, 158, 49, 163, 176, 142, 153, 190, 138, 172, 64, 123, 126, 74, 29, 79, 19, 37, 151, 107, 165, 137, 85, 48, 180, 133, 149, 68, 193, 110, 67, 122, 20, 89, 173, 11, 160, 70, 106, 31, 166, 174, 58, 75, 7, 98, 96, 90]
[128, 27, 157, 92, 121, 72, 84, 10, 2, 28, 135, 97, 94, 0, 141, 9, 188, 189, 38, 169, 52, 148, 69, 197, 39, 116, 66, 196, 4, 131, 61, 25, 99, 55, 100, 112, 80, 178, 78, 187, 46, 140, 183, 36, 71, 168, 33, 24, 145, 45, 8, 26, 34, 171, 156, 198, 130, 177, 60, 175, 179, 93, 56, 6, 83, 57, 114, 53, 162, 51, 115, 195, 185, 59, 73, 164, 144, 65, 132, 167, 113, 86, 88, 42, 184, 117, 105, 182, 15, 104, 17, 44, 77, 1, 108, 81, 63, 13, 124, 119, 41, 109, 154, 12, 62, 30, 125, 186, 16, 191, 40, 147, 35, 95, 118, 91, 101, 199, 43, 129, 134, 150, 18, 136, 161, 23, 159, 192, 22, 21, 87, 170, 103, 54, 143, 152, 76, 102, 139, 158, 49, 163, 176, 142, 153, 190, 138, 172, 64, 123, 126, 74, 29, 79, 19, 37, 151, 107, 165, 137, 85, 48, 180, 133, 149, 68, 193, 110, 67, 122, 20, 89, 173, 11, 160, 70, 106, 31, 166, 174, 58, 75, 7, 98, 96, 90]
[128, 27, 157, 92, 121, 72, 84, 10, 2, 28, 135, 97, 94, 0, 141, 9, 188, 189, 38, 169, 52, 148, 69, 197, 39, 116, 66, 196, 4, 131, 61, 25, 99, 55, 100, 112, 80, 178, 78, 187, 46, 140, 183, 36, 71, 168, 33, 24, 145, 45, 8, 26, 34, 171, 156, 198, 130, 177, 60, 175, 179, 93, 56, 6, 83, 57, 114, 53, 162, 51, 115, 195, 185, 59, 73, 164, 144, 65, 132, 167, 113, 86, 88, 42, 184, 117, 105, 182, 15, 104, 17, 44, 77, 1, 108, 81, 63, 13, 124, 119, 41, 109, 154, 12, 62, 47, 30, 125, 186, 16, 191, 40, 147, 35, 95, 118, 91, 101, 199, 43, 129, 134, 150, 18, 136, 161, 23, 159, 192, 22, 21, 87, 170, 103, 54, 143, 152, 76, 102, 139, 158, 49, 163, 176, 142, 153, 190, 138, 172, 64, 123, 126, 74, 29, 79, 19, 37, 151, 107, 165, 137, 85, 48, 180, 133, 149, 68, 193, 110, 67, 122, 20, 89, 173, 11, 160, 70, 106, 31, 166, 174, 58, 75, 7, 98, 96, 90]
[128, 27, 157, 92, 121, 72, 84, 10, 2, 28, 135, 97, 94, 0, 141, 9, 188, 189, 38, 169, 52, 148, 69, 197, 39, 116, 66, 196, 4, 131, 61, 25, 99, 55, 100, 112, 80, 178, 78, 187, 46, 140, 183, 36, 71, 168, 33, 24, 145, 45, 8, 26, 34, 171, 156, 198, 130, 177, 60, 175, 179, 93, 56, 6, 83, 57, 114, 53, 162, 51, 115, 195, 185, 59, 73, 164, 144, 65, 132, 167, 113, 86, 88, 42, 184, 117, 105, 182, 15, 104, 17, 44, 77, 1, 108, 81, 63, 13, 124, 119, 41, 109, 154, 12, 62, 47, 194, 30, 125, 186, 16, 191, 40, 147, 35, 95, 118, 91, 101, 199, 43, 129, 134, 150, 18, 136, 161, 23, 159, 192, 22, 21, 87, 170, 103, 54, 143, 152, 76, 102, 139, 158, 49, 163, 176, 142, 153, 190, 138, 172, 64, 123, 126, 74, 29, 79, 19, 37, 151, 107, 165, 137, 85, 48, 180, 133, 149, 68, 193, 110, 67, 122, 20, 89, 173, 11, 160, 70, 106, 31, 166, 174, 58, 75, 7, 98, 96, 90]
[128, 27, 157, 92, 121, 72, 84, 10, 2, 28, 135, 97, 94, 0, 141, 9, 188, 189, 38, 169, 52, 148, 69, 197, 39, 116, 66, 196, 4, 131, 61, 25, 99, 55, 100, 112, 80, 178, 78, 187, 46, 140, 183, 36, 71, 168, 33, 24, 145, 45, 8, 26, 34, 171, 156, 198, 130, 177, 60, 175, 179, 93, 56, 6, 83, 57, 114, 53, 162, 51, 115, 195, 185, 59, 73, 164, 144, 65, 132, 167, 113, 86, 88, 42, 184, 117, 105, 182, 15, 104, 17, 44, 77, 1, 108, 81, 63, 13, 124, 119, 41, 109, 154, 12, 62, 47, 155, 194, 30, 125, 186, 16, 191, 40, 147, 35, 95, 118, 91, 101, 199, 43, 129, 134, 150, 18, 136, 161, 23, 159, 192, 22, 21, 87, 170, 103, 54, 143, 152, 76, 102, 139, 158, 49, 163, 176, 142, 153, 190, 138, 172, 64, 123, 126, 74, 29, 79, 19, 37, 151, 107, 165, 137, 85, 48, 180, 133, 149, 68, 193, 110, 67, 122, 20, 89, 173, 11, 160, 70, 106, 31, 166, 174, 58, 75, 7, 98, 96, 90]
[128, 27, 157, 92, 121, 72, 84, 10, 2, 28, 135, 97, 94, 0, 141, 9, 188, 189, 38, 169, 52, 148, 69, 197, 39, 116, 66, 196, 4, 131, 61, 25, 99, 55, 100, 112, 80, 178, 78, 187, 46, 140, 183, 36, 71, 168, 33, 24, 145, 45, 8, 26, 34, 171, 156, 198, 130, 177, 60, 175, 179, 93, 56, 6, 83, 57, 114, 53, 162, 51, 115, 195, 185, 59, 73, 164, 144, 65, 132, 167, 113, 86, 88, 42, 184, 117, 105, 182, 15, 104, 17, 44, 77, 1, 108, 81, 63, 13, 124, 119, 41, 109, 154, 12, 62, 47, 120, 155, 194, 30, 125, 186, 16, 191, 40, 147, 35, 95, 118, 91, 101, 199, 43, 129, 134, 150, 18, 136, 161, 23, 159, 192, 22, 21, 87, 170, 103, 54, 143, 152, 76, 102, 139, 158, 49, 163, 176, 142, 153, 190, 138, 172, 64, 123, 126, 74, 29, 79, 19, 37, 151, 107, 165, 137, 85, 48, 180, 133, 149, 68, 193, 110, 67, 122, 20, 89, 173, 11, 160, 70, 106, 31, 166, 174, 58, 75, 7, 98, 96, 90]
[128, 27, 157, 92, 121, 72, 84, 10, 2, 28, 135, 97, 94, 0, 141, 9, 188, 189, 38, 169, 52, 148, 69, 197, 39, 116, 66, 196, 4, 131, 61, 25, 99, 55, 100, 112, 80, 178, 78, 187, 46, 140, 183, 36, 71, 168, 33, 24, 145, 45, 8, 26, 34, 171, 156, 198, 130, 177, 60, 175, 179, 93, 56, 6, 83, 57, 114, 53, 162, 51, 115, 195, 185, 59, 73, 164, 144, 65, 132, 167, 113, 86, 88, 42, 184, 117, 105, 182, 15, 104, 17, 44, 77, 1, 108, 81, 32, 63, 13, 124, 119, 41, 109, 154, 12, 62, 47, 120, 155, 194, 30, 125, 186, 16, 191, 40, 147, 35, 95, 118, 91, 101, 199, 43, 129, 134, 150, 18, 136, 161, 23, 159, 192, 22, 21, 87, 170, 103, 54, 143, 152, 76, 102, 139, 158, 49, 163, 176, 142, 153, 190, 138, 172, 64, 123, 126, 74, 29, 79, 19, 37, 151, 107, 165, 137, 85, 48, 180, 133, 149, 68, 193, 110, 67, 122, 20, 89, 173, 11, 160, 70, 106, 31, 166, 174, 58, 75, 7, 98, 96, 90]
[128, 27, 157, 92, 121, 72, 84, 10, 2, 28, 135, 97, 94, 0, 141, 9, 188, 189, 38, 169, 52, 148, 69, 197, 39, 116, 66, 196, 4, 131, 61, 25, 99, 55, 100, 112, 80, 178, 78, 187, 46, 140, 183, 36, 71, 168, 33, 24, 145, 45, 8, 26, 34, 171, 156, 198, 130, 177, 60, 175, 179, 93, 56, 6, 83, 57, 114, 53, 162, 51, 115, 195, 185, 59, 73, 164, 144, 65, 132, 167, 113, 86, 88, 42, 184, 117, 105, 182, 15, 104, 17, 44, 77, 1, 108, 81, 146, 32, 63, 13, 124, 119, 41, 109, 154, 12, 62, 47, 120, 155, 194, 30, 125, 186, 16, 191, 40, 147, 35, 95, 118, 91, 101, 199, 43, 129, 134, 150, 18, 136, 161, 23, 159, 192, 22, 21, 87, 170, 103, 54, 143, 152, 76, 102, 139, 158, 49, 163, 176, 142, 153, 190, 138, 172, 64, 123, 126, 74, 29, 79, 19, 37, 151, 107, 165, 137, 85, 48, 180, 133, 149, 68, 193, 110, 67, 122, 20, 89, 173, 11, 160, 70, 106, 31, 166, 174, 58, 75, 7, 98, 96, 90]
[128, 27, 157, 92, 121, 72, 84, 10, 2, 28, 135, 97, 94, 0, 141, 9, 188, 189, 38, 169, 52, 148, 69, 197, 39, 116, 66, 196, 4, 131, 61, 25, 99, 55, 100, 112, 80, 178, 78, 187, 46, 140, 183, 36, 71, 168, 33, 24, 145, 45, 8, 26, 34, 171, 156, 198, 130, 177, 60, 175, 179, 93, 56, 6, 83, 57, 114, 53, 162, 51, 115, 195, 185, 59, 73, 164, 144, 65, 132, 167, 113, 86, 88, 42, 184, 117, 105, 182, 15, 104, 17, 44, 77, 1, 108, 81, 146, 14, 32, 63, 13, 124, 119, 41, 109, 154, 12, 62, 47, 120, 155, 194, 30, 125, 186, 16, 191, 40, 147, 35, 95, 118, 91, 101, 199, 43, 129, 134, 150, 18, 136, 161, 23, 159, 192, 22, 21, 87, 170, 103, 54, 143, 152, 76, 102, 139, 158, 49, 163, 176, 142, 153, 190, 138, 172, 64, 123, 126, 74, 29, 79, 19, 37, 151, 107, 165, 137, 85, 48, 180, 133, 149, 68, 193, 110, 67, 122, 20, 89, 173, 11, 160, 70, 106, 31, 166, 174, 58, 75, 7, 98, 96, 90]
[128, 27, 157, 92, 121, 72, 84, 10, 2, 28, 135, 97, 94, 0, 141, 9, 188, 189, 38, 169, 52, 148, 69, 197, 39, 116, 66, 196, 4, 131, 61, 25, 99, 55, 100, 112, 80, 178, 78, 187, 46, 140, 183, 36, 71, 168, 33, 24, 145, 45, 8, 26, 34, 171, 156, 198, 130, 177, 60, 175, 179, 93, 56, 6, 83, 57, 114, 53, 162, 51, 115, 195, 185, 59, 73, 164, 144, 65, 132, 167, 113, 86, 88, 42, 184, 117, 105, 182, 15, 104, 17, 44, 77, 1, 108, 81, 146, 111, 14, 32, 63, 13, 124, 119, 41, 109, 154, 12, 62, 47, 120, 155, 194, 30, 125, 186, 16, 191, 40, 147, 35, 95, 118, 91, 101, 199, 43, 129, 134, 150, 18, 136, 161, 23, 159, 192, 22, 21, 87, 170, 103, 54, 143, 152, 76, 102, 139, 158, 49, 163, 176, 142, 153, 190, 138, 172, 64, 123, 126, 74, 29, 79, 19, 37, 151, 107, 165, 137, 85, 48, 180, 133, 149, 68, 193, 110, 67, 122, 20, 89, 173, 11, 160, 70, 106, 31, 166, 174, 58, 75, 7, 98, 96, 90]
[128, 27, 157, 92, 121, 72, 84, 10, 2, 28, 135, 97, 94, 0, 141, 9, 188, 189, 38, 169, 52, 148, 69, 197, 39, 116, 66, 196, 4, 131, 61, 25, 99, 55, 100, 112, 80, 178, 78, 187, 46, 140, 183, 36, 71, 168, 33, 24, 145, 45, 8, 26, 34, 171, 156, 198, 130, 177, 60, 175, 179, 93, 56, 6, 83, 57, 114, 53, 162, 51, 115, 195, 185, 59, 73, 164, 144, 65, 132, 167, 113, 86, 88, 42, 184, 117, 105, 182, 15, 104, 17, 44, 77, 1, 108, 81, 146, 127, 111, 14, 32, 63, 13, 124, 119, 41, 109, 154, 12, 62, 47, 120, 155, 194, 30, 125, 186, 16, 191, 40, 147, 35, 95, 118, 91, 101, 199, 43, 129, 134, 150, 18, 136, 161, 23, 159, 192, 22, 21, 87, 170, 103, 54, 143, 152, 76, 102, 139, 158, 49, 163, 176, 142, 153, 190, 138, 172, 64, 123, 126, 74, 29, 79, 19, 37, 151, 107, 165, 137, 85, 48, 180, 133, 149, 68, 193, 110, 67, 122, 20, 89, 173, 11, 160, 70, 106, 31, 166, 174, 58, 75, 7, 98, 96, 90]
[128, 27, 157, 92, 121, 72, 84, 10, 2, 28, 135, 97, 94, 0, 141, 9, 188, 189, 38, 169, 52, 148, 69, 197, 39, 116, 66, 196, 4, 131, 61, 25, 99, 55, 100, 112, 80, 178, 78, 187, 46, 140, 183, 36, 71, 168, 33, 24, 145, 45, 8, 26, 34, 171, 156, 198, 130, 177, 60, 175, 179, 93, 56, 6, 83, 57, 114, 53, 162, 51, 115, 195, 185, 59, 73, 164, 144, 65, 132, 167, 113, 86, 88, 42, 184, 117, 105, 182, 15, 104, 17, 44, 77, 1, 108, 81, 146, 127, 111, 14, 5, 32, 63, 13, 124, 119, 41, 109, 154, 12, 62, 47, 120, 155, 194, 30, 125, 186, 16, 191, 40, 147, 35, 95, 118, 91, 101, 199, 43, 129, 134, 150, 18, 136, 161, 23, 159, 192, 22, 21, 87, 170, 103, 54, 143, 152, 76, 102, 139, 158, 49, 163, 176, 142, 153, 190, 138, 172, 64, 123, 126, 74, 29, 79, 19, 37, 151, 107, 165, 137, 85, 48, 180, 133, 149, 68, 193, 110, 67, 122, 20, 89, 173, 11, 160, 70, 106, 31, 166, 174, 58, 75, 7, 98, 96, 90]
[128, 27, 157, 92, 121, 72, 84, 10, 2, 28, 135, 97, 94, 0, 141, 9, 188, 189, 38, 169, 52, 148, 69, 197, 39, 116, 66, 196, 4, 131, 61, 25, 99, 55, 100, 112, 80, 178, 78, 187, 46, 140, 183, 36, 71, 168, 33, 24, 145, 45, 8, 26, 34, 171, 156, 198, 130, 177, 60, 175, 179, 93, 56, 6, 83, 57, 114, 53, 162, 51, 115, 195, 185, 59, 73, 164, 144, 65, 132, 167, 113, 86, 88, 42, 184, 117, 105, 182, 15, 104, 17, 44, 77, 1, 108, 81, 146, 127, 111, 14, 5, 82, 32, 63, 13, 124, 119, 41, 109, 154, 12, 62, 47, 120, 155, 194, 30, 125, 186, 16, 191, 40, 147, 35, 95, 118, 91, 101, 199, 43, 129, 134, 150, 18, 136, 161, 23, 159, 192, 22, 21, 87, 170, 103, 54, 143, 152, 76, 102, 139, 158, 49, 163, 176, 142, 153, 190, 138, 172, 64, 123, 126, 74, 29, 79, 19, 37, 151, 107, 165, 137, 85, 48, 180, 133, 149, 68, 193, 110, 67, 122, 20, 89, 173, 11, 160, 70, 106, 31, 166, 174, 58, 75, 7, 98, 96, 90]
[128, 27, 157, 92, 121, 72, 84, 10, 2, 28, 135, 97, 94, 0, 141, 9, 188, 189, 38, 169, 52, 148, 69, 197, 39, 116, 66, 196, 4, 131, 61, 25, 99, 55, 100, 112, 80, 178, 78, 187, 46, 140, 183, 36, 71, 168, 33, 24, 145, 45, 8, 26, 34, 171, 156, 198, 130, 177, 60, 175, 179, 93, 56, 6, 83, 57, 114, 53, 162, 51, 115, 195, 185, 59, 73, 164, 144, 65, 132, 167, 113, 86, 88, 42, 184, 117, 105, 182, 15, 104, 17, 44, 77, 1, 108, 81, 146, 127, 111, 14, 5, 82, 181, 32, 63, 13, 124, 119, 41, 109, 154, 12, 62, 47, 120, 155, 194, 30, 125, 186, 16, 191, 40, 147, 35, 95, 118, 91, 101, 199, 43, 129, 134, 150, 18, 136, 161, 23, 159, 192, 22, 21, 87, 170, 103, 54, 143, 152, 76, 102, 139, 158, 49, 163, 176, 142, 153, 190, 138, 172, 64, 123, 126, 74, 29, 79, 19, 37, 151, 107, 165, 137, 85, 48, 180, 133, 149, 68, 193, 110, 67, 122, 20, 89, 173, 11, 160, 70, 106, 31, 166, 174, 58, 75, 7, 98, 96, 90]
[128, 27, 157, 92, 121, 72, 84, 10, 2, 28, 135, 97, 94, 0, 141, 9, 188, 189, 38, 169, 52, 148, 69, 197, 39, 116, 66, 196, 4, 131, 61, 25, 99, 55, 100, 112, 80, 178, 78, 187, 46, 140, 183, 36, 71, 168, 33, 24, 145, 45, 8, 26, 34, 171, 156, 198, 130, 177, 60, 175, 179, 93, 56, 6, 83, 57, 114, 53, 162, 51, 115, 195, 185, 59, 73, 164, 144, 65, 132, 167, 113, 86, 88, 42, 184, 117, 105, 182, 15, 104, 17, 44, 77, 1, 108, 81, 146, 127, 111, 14, 5, 3, 82, 181, 32, 63, 13, 124, 119, 41, 109, 154, 12, 62, 47, 120, 155, 194, 30, 125, 186, 16, 191, 40, 147, 35, 95, 118, 91, 101, 199, 43, 129, 134, 150, 18, 136, 161, 23, 159, 192, 22, 21, 87, 170, 103, 54, 143, 152, 76, 102, 139, 158, 49, 163, 176, 142, 153, 190, 138, 172, 64, 123, 126, 74, 29, 79, 19, 37, 151, 107, 165, 137, 85, 48, 180, 133, 149, 68, 193, 110, 67, 122, 20, 89, 173, 11, 160, 70, 106, 31, 166, 174, 58, 75, 7, 98, 96, 90]
[128, 27, 157, 92, 121, 72, 84, 10, 2, 28, 135, 97, 94, 0, 141, 9, 188, 189, 38, 169, 52, 148, 69, 197, 39, 116, 66, 196, 4, 131, 61, 25, 99, 55, 100, 112, 80, 178, 78, 187, 46, 140, 183, 36, 71, 168, 33, 24, 145, 45, 8, 26, 34, 171, 156, 198, 130, 177, 60, 175, 179, 93, 56, 6, 83, 57, 114, 53, 162, 51, 115, 195, 185, 59, 73, 164, 144, 65, 132, 167, 113, 86, 88, 42, 184, 117, 105, 182, 15, 104, 17, 44, 77, 1, 108, 81, 146, 127, 111, 14, 5, 3, 82, 181, 32, 63, 13, 124, 119, 41, 109, 154, 12, 62, 47, 120, 155, 50, 194, 30, 125, 186, 16, 191, 40, 147, 35, 95, 118, 91, 101, 199, 43, 129, 134, 150, 18, 136, 161, 23, 159, 192, 22, 21, 87, 170, 103, 54, 143, 152, 76, 102, 139, 158, 49, 163, 176, 142, 153, 190, 138, 172, 64, 123, 126, 74, 29, 79, 19, 37, 151, 107, 165, 137, 85, 48, 180, 133, 149, 68, 193, 110, 67, 122, 20, 89, 173, 11, 160, 70, 106, 31, 166, 174, 58, 75, 7, 98, 96, 90]
cheapestInsertion  costo: 35820.19, qualit: 1.2168, tempo: 0.176612 secondi
Optimal 29437
