0.0297172
0.0293649
0.0298304
0.0298667
0.0293094
0.0289913
0.0300775
0.0303664
0.0295866
0.029616
0.0311357
0.0293852
0.0301968
0.029409
0.0294767
0.0293171
0.0291306
0.0285728
0.0291301
0.0292709
0.0293912
0.0292446
0.0298424
0.0296488
0.0286442
0.0298074
0.0294422
0.0304609
0.0302294
0.0295078
0.0307097
0.0294123
0.0298309
0.0295398
0.0282364
0.0301761
0.0293115
0.0301632
0.0296782
0.0302229
0.0302407
0.0298561
0.0296269
0.0293865
0.0291635
0.0295738
0.0305556
0.0309008
0.0303086
0.0285677
0.0295911
0.0308367
0.0295135
0.0293135
0.0295042
0.0287931
0.0297033
0.0289505
0.0296846
0.0304927
0.0303162
0.030134
0.0306753
0.0303048
0.0306621
0.029421
0.0299428
0.0288638
0.0295094
0.0290637
0.0296152
0.029211
0.0299696
0.0287129
0.0301222
0.0301436
0.0293251
0.0291008
0.029419
0.0297298
0.0292474
0.0288929
0.0299457
0.0298471
0.0301274
0.0290136
0.0312334
0.0297707
0.0294329
0.0305447
0.0295982
0.029699
0.0297581
0.0309041
0.0292372
0.0294843
0.0295198
0.029522
0.0300443
0.0303633
0.0724882
0.0720433
0.0799194
0.0902986
0.0774724
0.0725365
0.0775735
0.0766402
0.0747626
0.0726162
0.0720711
0.0719452
0.0738285
0.0731806
0.0732267
0.0770021
0.0744827
0.0734052
0.0717153
0.073317
0.0715121
0.0722049
0.0749922
0.0718516
0.0735143
0.0718551
0.0747217
0.0742569
0.0721967
0.0735031
0.0736305
0.0710567
0.0714894
0.0709841
0.0729094
0.0730386
0.0719203
0.0711684
0.072221
0.0719548
0.0746514
0.0709901
0.0720107
0.0718253
0.0726562
0.0731239
0.0738028
0.07631
0.0723272
0.0718268
0.071143
0.0731465
0.0711705
0.0742461
0.0727594
0.0742036
0.0731805
0.0718818
0.0717719
0.0744332
0.0737621
0.0731613
0.0715991
0.0744003
0.0729346
0.072648
0.0727409
0.0770585
0.0735748
0.0716576
0.0721822
0.0722525
0.0741166
0.0713247
0.0717939
0.0753391
0.0748542
0.0713891
0.0717892
0.0707914
0.0743727
0.0712725
0.0730468
0.0726207
0.0740507
0.0742923
0.0714495
0.0709398
0.0708554
0.071896
0.0718482
0.0724264
0.0721954
0.0725352
0.0720766
0.0733535
0.0714253
0.0724541
0.0712497
0.0749761
0.120939
0.129503
0.133513
0.132982
0.131232
0.127626
0.124432
0.124669
0.126493
0.123533
0.122585
0.122532
0.122081
0.122509
0.121795
0.131604
0.120011
0.120772
0.126048
0.122664
0.122231
0.125942
0.121756
0.12388
0.124272
0.123241
0.121068
0.123031
0.125641
0.122532
0.120941
0.125276
0.121744
0.120678
0.120772
0.123129
0.125281
0.123503
0.123149
0.121277
0.122601
0.124155
0.120936
0.123176
0.122145
0.125627
0.123644
0.121582
0.122834
0.122118
0.123594
0.12732
0.122787
0.120008
0.129488
0.119856
0.123573
0.12252
0.126008
0.126783
0.122679
0.125446
0.12348
0.127318
0.143818
0.123459
0.124078
0.12405
0.119436
0.121546
0.121915
0.126481
0.126009
0.120931
0.12207
0.121586
0.12067
0.12664
0.119943
0.12378
0.120863
0.12665
0.120889
0.121697
0.122669
0.124186
0.126687
0.125842
0.126723
0.123973
0.123446
0.122429
0.123819
0.123706
0.121037
0.122366
0.12335
0.120646
0.121624
0.122665
0.141553
0.137521
0.142011
0.143827
0.138651
0.139528
0.138194
0.143221
0.141427
0.140595
0.141681
0.140411
0.142475
0.138167
0.145795
0.136352
0.139713
0.153232
0.151404
0.14875
0.147781
0.145151
0.140042
0.140235
0.144786
0.141952
0.138589
0.14187
0.139536
0.142124
0.140504
0.14094
0.138837
0.140216
0.142979
0.14416
0.140219
0.143561
0.140246
0.139606
0.138603
0.141746
0.141247
0.145119
0.13829
0.139315
0.14545
0.141314
0.141266
0.139639
0.141035
0.140694
0.139833
0.142313
0.140388
0.142183
0.143683
0.137745
0.139666
0.142716
0.145247
0.142418
0.141252
0.140617
0.142393
0.138831
0.14722
0.140123
0.139223
0.141632
0.142033
0.139459
0.138684
0.137351
0.141011
0.141366
0.139873
0.140713
0.144481
0.140189
0.138462
0.141571
0.137621
0.147794
0.140185
0.145138
0.140747
0.140059
0.141379
0.146421
0.142938
0.140889
0.140684
0.140677
0.140387
0.140329
0.138555
0.138399
0.138935
0.142204
0.232249
0.232076
0.232542
0.230107
0.233445
0.234235
0.23824
0.229907
0.236161
0.231602
0.231689
0.233956
0.231572
0.230926
0.2311
0.235046
0.234183
0.237152
0.233594
0.242447
0.233727
0.234242
0.233924
0.231347
0.238075
0.232285
0.230933
0.239303
0.23431
0.229772
0.233753
0.233593
0.235031
0.263818
0.260265
0.231987
0.236001
0.232152
0.231984
0.227959
0.232751
0.241595
0.233753
0.230204
0.238546
0.236914
0.230718
0.229716
0.23885
0.23552
0.231897
0.228283
0.244661
0.232011
0.237374
0.229654
0.236461
0.230029
0.231812
0.237224
0.236887
0.232248
0.238031
0.232381
0.231438
0.229922
0.238218
0.239576
0.241337
0.233471
0.230904
0.235495
0.236157
0.236971
0.229422
0.233855
0.237511
0.237876
0.233675
0.241783
0.234168
0.235535
0.241787
0.231458
0.231604
0.232879
0.234345
0.230534
0.236
0.228605
0.237233
0.23793
0.233322
0.23104
0.228491
0.236389
0.234602
0.231594
0.234483
0.231305
0.298929
0.320667
0.312987
0.315257
0.303762
0.301186
0.308234
0.30595
0.30785
0.30852
0.304372
0.300468
0.306357
0.314729
0.30923
0.317235
0.310937
0.30821
0.301059
0.304882
0.302945
0.308592
0.305428
0.313516
0.300463
0.318714
0.302479
0.302537
0.298506
0.302414
0.30226
0.30178
0.301112
0.3048
0.305306
0.301614
0.305358
0.305531
0.308647
0.303208
0.312689
0.311242
0.30107
0.303116
0.311281
0.297201
0.313865
0.303993
0.296873
0.309316
0.305932
0.310749
0.31233
0.307431
0.296766
0.320809
0.334935
0.308981
0.308798
0.299692
0.310011
0.323382
0.306707
0.309367
0.298202
0.312322
0.298856
0.300985
0.303712
0.311123
0.318611
0.30786
0.303751
0.302504
0.318033
0.304338
0.30541
0.299265
0.299773
0.307079
0.307929
0.305222
0.328783
0.31523
0.305555
0.299894
0.305282
0.304489
0.302624
0.305493
0.295633
0.313096
0.301751
0.33292
0.335181
0.29828
0.310993
0.30267
0.298033
0.303264
0.465448
0.448202
0.447072
0.445103
0.43181
0.434753
0.439038
0.436924
0.442169
0.453472
0.439064
0.444671
0.440248
0.438831
0.459385
0.437879
0.438506
0.447265
0.437728
0.457623
0.447811
0.448325
0.452022
0.445438
0.444039
0.457759
0.439873
0.449215
0.446427
0.444429
0.448948
0.449572
0.466896
0.446924
0.4381
0.437853
0.436581
0.447441
0.435552
0.439322
0.437079
0.437615
0.440199
0.45635
0.445838
0.440444
0.43308
0.440375
0.444443
0.480752
0.457565
0.44705
0.444237
0.445941
0.483387
0.443893
0.455545
0.44672
0.439081
0.447148
0.433666
0.446115
0.442308
0.451691
0.443579
0.455021
0.443576
0.453126
0.468447
0.447681
0.441245
0.439227
0.439705
0.463525
0.435078
0.457164
0.455302
0.447712
0.449258
0.439745
0.437023
0.45969
0.442485
0.454081
0.450458
0.439223
0.445041
0.457942
0.452763
0.437078
0.45506
0.437173
0.441216
0.432628
0.433859
0.440372
0.443772
0.439301
0.448863
0.433303
0.721101
0.713127
0.827331
0.729802
0.722786
0.745677
0.734311
0.726014
0.735852
0.73589
0.769173
0.72468
0.727013
0.728072
0.72039
0.725674
0.726376
0.746282
0.719201
0.733245
0.736374
0.753182
0.727014
0.726635
0.719642
0.728187
0.736094
0.718988
0.738375
0.720902
0.739065
0.737885
0.732049
0.720589
0.731024
0.71916
0.727848
0.789513
0.747983
0.718319
0.775775
0.728686
0.736167
0.715393
0.723722
0.726051
0.730659
0.722928
0.726411
0.739143
0.731816
0.715848
0.721997
0.742525
0.753435
0.728261
0.735023
0.737436
0.72538
0.729577
0.738868
0.726124
0.746233
0.717888
0.719736
0.74429
0.714893
0.729305
0.732092
0.717112
0.740056
0.733279
0.732847
0.723348
0.724593
0.726707
0.749041
0.743668
0.759531
0.741437
0.718415
0.729964
0.74178
0.725608
0.746298
0.735826
0.746979
0.727704
0.792184
0.742467
0.739997
0.744389
0.724393
0.730693
0.742048
0.731523
0.726611
0.717251
0.790321
0.753647
0.794496
0.796885
0.792351
0.791566
0.806266
0.797267
0.873925
0.836741
0.803069
0.789918
0.800265
0.801955
0.806262
0.806404
0.80258
0.809317
0.793362
0.788324
0.794356
0.81917
0.805812
0.798639
0.806355
0.795792
0.824785
0.817161
0.787934
0.817551
0.812697
0.821124
0.807073
0.798174
0.812886
0.804407
0.793591
0.809008
0.805473
0.866683
0.783759
0.815147
0.813566
0.82587
0.793946
0.786397
0.812295
0.830204
0.804905
0.792591
0.79469
0.82414
0.801856
0.790194
0.81273
0.788628
0.789061
0.810923
0.811843
0.81384
0.835708
0.797336
0.787847
0.786328
0.787905
0.821596
0.821036
0.829351
0.827407
0.804761
0.812842
0.851444
0.801443
0.815653
0.806
0.796142
0.797471
0.784707
0.810499
0.787605
0.805723
0.818311
0.826066
0.784481
0.810542
0.788401
0.817688
0.817649
0.83044
0.792848
0.794272
0.826872
0.798924
0.806072
0.795046
0.803738
0.78332
0.787057
0.791354
0.785746
0.801013
0.833768
1.0761
1.04698
1.04248
1.00537
1.00082
1.0019
0.986155
0.979282
1.01867
1.01321
0.985372
1.0034
1.02503
1.03137
1.01002
0.985967
1.03656
1.00207
1.00507
1.00373
1.01705
1.00009
0.993176
0.995685
1.01663
1.03152
0.989578
1.04465
1.02728
1.00983
1.00174
1.00405
0.985842
1.0001
0.989253
1.01311
1.01095
1.03243
1.0453
0.996983
0.996386
1.02117
0.998758
0.996759
1.02098
0.98965
1.01126
1.03084
1.00896
1.02073
0.980601
1.00042
1.07955
1.03424
1.05318
1.0273
0.998034
1.00888
1.00547
1.01357
1.01815
1.01849
0.991104
0.999208
1.022
1.01684
1.01436
1.04168
1.03221
1.03044
1.0005
1.01155
1.00064
0.999349
1.00042
1.01662
1.00015
1.01959
1.06178
1.07626
1.05646
0.987386
1.01373
0.988228
1.01864
1.01441
1.01346
1.02
1.03595
1.00275
1.00605
1.0247
0.994693
0.997952
1.01856
1.00505
1.00363
1.00288
0.987595
1.0071
1.23525
1.23529
1.22954
1.27763
1.22077
1.22075
1.3036
1.20968
1.2136
1.18867
1.1802
1.19386
1.20806
1.22091
1.17784
1.20537
1.21089
1.2252
1.22012
1.20969
1.1781
1.18741
1.17794
1.2244
1.18597
1.25545
1.23293
1.18805
1.19183
1.1914
1.20278
1.18763
1.19971
1.19432
1.21073
1.22239
1.19593
1.17923
1.19519
1.17737
1.19837
1.18539
1.19357
1.17845
1.26742
1.17743
1.20507
1.18507
1.2023
1.17309
1.17726
1.19565
1.19577
1.25684
1.22841
1.19021
1.21707
1.25359
1.20479
1.20243
1.20689
1.19809
1.18165
1.24054
1.18602
1.22336
1.19676
1.2043
1.25142
1.25064
1.21166
1.21052
1.19253
1.18046
1.17671
1.20405
1.21051
1.18712
1.22237
1.24024
1.21158
1.19321
1.20599
1.19985
1.20496
1.19167
1.24075
1.19293
1.21542
1.18059
1.25875
1.19485
1.21342
1.20655
1.19641
1.20478
1.20688
1.23863
1.17468
1.23382
1.25799
1.30104
1.27856
1.28354
1.27863
1.27691
1.30042
1.27662
1.28752
1.28689
1.27436
1.43159
1.37533
1.26687
1.27788
1.27524
1.28446
1.30441
1.31126
1.28264
1.27867
1.31627
1.32967
1.33783
1.28823
1.26261
1.27444
1.31226
1.28834
1.27628
1.27377
1.31524
1.29359
1.32141
1.33539
1.2765
1.26509
1.28198
1.27587
1.2876
1.28229
1.27845
1.28675
1.32887
1.3173
1.28658
1.29319
1.33611
1.30768
1.29629
1.30062
1.34261
1.27716
1.264
1.28256
1.29262
1.32156
1.29385
1.30502
1.26982
1.2942
1.28417
1.3263
1.30315
1.29737
1.27866
1.2971
1.26087
1.32255
1.30044
1.30897
1.28748
1.29991
1.28654
1.29331
1.28789
1.25949
1.2833
1.31701
1.27072
1.26695
1.31526
1.26553
1.25887
1.326
1.34244
1.30427
1.27673
1.28647
1.30778
1.27998
1.3105
1.26398
1.35038
1.30409
1.30307
1.31031
1.28998
1.28026
1.33072
1.45524
1.44943
1.40179
1.4648
1.45199
1.45283
1.43575
1.47879
1.44748
1.45625
1.45481
1.47812
1.52012
1.4993
1.42829
1.46889
1.43806
1.43156
1.44168
1.45391
1.42034
1.48102
1.49178
1.45274
1.4421
1.43875
1.4304
1.44012
1.44382
1.44453
1.4852
1.43845
1.46525
1.47251
1.48627
1.40801
1.45667
1.4512
1.42764
1.43863
1.43978
1.46615
1.4194
1.43626
1.45777
1.43691
1.42106
1.47269
1.39614
1.4987
1.45085
1.48993
1.43715
1.47445
1.45797
1.47119
1.41953
1.47724
1.49648
1.45072
1.44233
1.49517
1.45899
1.47901
1.46399
1.45838
1.43157
1.44358
1.45033
1.48058
1.42607
1.41913
1.43584
1.45933
1.48138
1.41709
1.49673
1.44372
1.43162
1.47357
1.46818
1.50659
1.42225
1.4322
1.45898
1.45555
1.44634
1.50846
1.47359
1.40699
1.46325
1.48428
1.43068
1.44809
1.5022
1.43702
1.43841
1.46429
1.45928
1.45226
1.44606
1.49029
1.48982
1.47318
1.55691
1.46094
1.51524
1.48634
1.48795
1.46047
1.46352
1.48443
1.53795
1.46784
1.49664
1.48005
1.47404
1.48838
1.4469
1.46784
1.50784
1.49542
1.50436
1.49969
1.48798
1.46518
1.46791
1.478
1.47755
1.51492
1.47055
1.47875
1.49711
1.49811
1.47657
1.49471
1.48511
1.47558
1.46031
1.4835
1.46657
1.47727
1.48649
1.48199
1.485
1.51023
1.45716
1.50263
1.51291
1.48718
1.47518
1.51813
1.45757
1.4846
1.45985
1.5079
1.47652
1.51786
1.47988
1.47688
1.45712
1.48338
1.4882
1.49121
1.44138
1.50077
1.4621
1.53591
1.47288
1.51026
1.46856
1.45099
1.48939
1.50076
1.48885
1.51164
1.45321
1.50517
1.46273
1.49892
1.52022
1.45092
1.45103
1.46966
1.47492
1.46462
1.46531
1.48747
1.56467
1.45377
1.4533
1.4768
1.52184
1.51377
1.46512
1.48146
1.49234
1.47973
1.49333
1.46248
1.8661
1.81224
1.84398
1.80902
1.84083
1.82637
1.85786
1.84564
1.81678
1.91081
1.88603
1.85369
1.87612
1.83716
1.80538
1.83174
1.88138
1.87463
1.86844
1.84169
1.84128
1.80254
1.83553
1.83418
1.82739
1.82565
1.91648
1.83413
1.82564
1.87492
1.81996
1.95755
1.82393
1.88609
1.80758
1.79525
1.8383
1.82921
1.86801
1.89719
1.81632
1.84574
1.84694
1.87224
1.85137
1.84526
1.84201
1.833
1.86094
1.83828
1.87327
1.85884
1.8188
1.91164
1.87051
1.82613
1.8855
1.81706
1.81286
1.83473
1.85024
1.83043
1.894
1.84808
1.8493
1.88214
1.90743
1.86138
1.93898
1.87412
1.83088
1.85196
1.78996
1.82173
1.8178
1.84658
1.81055
1.83767
1.87062
1.83834
1.94721
1.85039
1.91716
1.9287
2.07704
2.19814
1.99451
2.04454
1.94584
2.07777
2.05865
2.04657
2.04313
2.04622
1.99651
1.9792
2.01039
2.00771
1.92013
2.00578
2.27819
2.26357
2.32089
2.22242
2.2823
2.24715
2.01858
2.22946
2.08621
2.0633
2.02823
2.18618
2.35318
2.1749
2.14271
2.21049
2.28954
2.25029
2.13597
2.22088
2.0819
2.11759
2.07663
2.05397
2.09363
2.17967
2.42562
2.4499
2.1583
2.19214
2.24389
2.21317
2.17271
2.29118
2.38546
2.36247
2.26546
2.35134
2.48205
2.12609
2.15885
2.11494
2.17891
2.22373
2.12622
2.09553
2.22262
2.15894
2.08032
2.40471
2.05176
2.06658
2.15012
2.07296
2.03065
2.00669
2.0318
2.0613
2.02394
2.02585
2.10217
2.08607
2.27678
2.3002
2.09263
2.27844
2.08044
2.06188
2.11002
2.08018
2.32036
2.10707
2.13953
2.06509
2.10799
2.14608
2.10008
2.24871
2.13636
2.15055
2.10203
2.14145
2.06419
2.06738
2.10146
2.08262
2.03705
2.06978
2.04633
2.06281
2.05695
2.13453
2.04566
2.13574
2.1697
2.05359
2.07715
2.06162
2.00645
2.00738
2.47765
2.32917
2.376
2.4217
2.42036
2.30173
2.36535
2.34092
2.56362
2.52612
2.53481
2.38505
2.37117
2.45267
2.40772
2.42194
2.49104
2.59045
2.44947
2.38006
2.38931
2.3405
2.48058
2.4237
2.53352
2.4681
2.43266
2.3736
2.35876
2.45845
2.37519
2.31851
2.38757
2.36924
2.3596
2.34184
2.35243
2.33943
2.39758
2.45601
2.57941
2.5921
2.73534
2.56435
2.49868
2.50914
2.39506
2.41842
2.45435
2.40234
2.40321
2.34685
2.74472
2.85361
2.75436
2.75939
2.64976
2.91212
2.71203
2.80427
2.4818
2.57799
2.53428
2.48912
2.4734
2.63945
2.54346
2.4636
2.51925
2.5731
2.60372
2.33221
2.29033
2.59865
2.73543
2.56685
2.75365
2.49309
2.48625
2.49093
2.45439
2.54269
2.52553
2.50883
2.53681
2.42908
2.35449
2.37308
2.37367
2.35567
2.29973
2.34414
2.40166
2.31363
2.40963
2.32504
2.34291
2.43689
2.31674
2.32336
2.72939
2.71464
2.72995
2.82047
2.88884
2.74141
2.79326
2.79889
3.0989
2.79881
2.91901
2.79823
2.92518
2.77134
2.74158
2.79547
2.74538
2.71845
2.76659
2.78127
2.76744
2.87996
2.82177
2.89235
2.87613
2.75287
2.64882
2.81333
2.70507
2.71969
2.70708
2.6967
2.83333
2.70385
2.82519
2.67148
2.78566
2.68984
2.71401
2.79614
2.83055
2.7176
2.77502
2.76992
2.82976
2.69481
2.75572
2.87882
2.90506
2.71951
2.73268
2.7146
2.78244
2.8376
2.79812
2.73175
3.00387
2.8024
2.81599
2.84439
2.85859
2.73889
2.77125
2.80926
2.75749
2.70356
2.81376
2.82811
2.74898
2.69848
2.761
2.77673
2.74182
2.8512
2.83735
2.73276
2.75646
2.7144
2.75862
2.72076
2.69376
2.68488
2.75323
2.6909
2.74595
2.71158
2.70893
2.71431
2.69176
2.66303
2.68763
2.8038
2.8258
2.81416
2.78381
2.69256
2.77277
2.88503
3.00855
2.81196
3.75861
3.4257
3.48627
3.43027
3.50321
3.47665
3.37541
3.35305
3.49072
3.5235
3.55488
3.3857
3.52909
3.48224
3.69094
3.43549
3.43214
3.4613
3.49311
3.82676
3.53994
3.6013
3.45669
3.44003
3.51274
3.57748
3.48463
3.47737
3.54522
3.47645
3.58027
3.42946
3.64087
3.60862
3.45223
3.551
3.52529
3.44973
3.5341
3.50362
3.67696
3.64809
3.66508
3.42684
3.56448
3.4141
3.53484
3.51876
3.508
3.64056
3.44101
3.60625
3.4349
3.48394
3.48261
3.52418
3.45841
3.4728
3.44399
3.53094
3.4562
3.42455
3.38401
3.67101
3.48684
3.58216
3.4864
3.46409
3.52646
3.61243
3.70361
3.53264
3.86302
3.63113
3.54506
3.60336
3.53951
3.44367
3.49814
3.40316
3.55235
3.90744
3.58012
3.7228
3.60547
3.61763
3.66331
3.61912
3.58865
3.71842
3.72973
3.63771
3.72232
3.66989
3.74407
3.59114
3.50529
3.5767
3.67758
3.61817
4.65236
4.77653
4.59032
4.62616
4.574
4.66843
4.50302
4.81847
4.65555
4.49874
4.72959
4.45838
4.40086
4.39726
4.28897
4.37439
4.61235
4.62769
4.67137
4.33673
4.44469
4.33714
4.31256
4.41041
4.35252
4.31785
4.39468
4.39058
4.50577
4.61145
4.53481
4.50455
4.42668
4.46143
4.38504
4.33322
4.26082
4.27624
4.35323
4.39249
4.34908
4.46845
4.80335
4.69898
4.69057
4.85661
4.54884
4.73027
4.45
4.40381
4.54346
4.65151
4.53394
4.79183
4.59849
4.66799
4.51776
4.48401
4.70933
4.55789
4.56762
4.56208
4.63374
5.01311
4.29993
4.52999
4.67536
4.48389
4.53374
5.04402
4.78942
4.59267
4.55754
4.69856
4.73904
4.56858
4.54034
4.38951
4.57726
4.65773
4.68205
4.46639
4.33105
4.64815
4.93202
4.94145
4.69449
4.97002
4.81797
4.51943
4.60714
4.36722
4.36759
4.35343
4.37786
4.38387
4.40584
4.60709
4.98543
4.63952
7.49246
7.1618
7.40174
7.06988
7.78951
6.98917
7.20171
6.93699
7.05768
7.19223
7.02188
6.96
6.96166
7.22577
7.13119
7.11098
6.94847
7.05619
7.03989
6.91604
7.39474
7.97695
8.02999
8.31022
7.61441
8.15189
7.79831
7.84154
7.99417
8.04035
6.99679
7.41297
7.13983
7.22702
7.06089
7.04316
7.04418
7.46629
7.44266
7.10193
7.28384
7.04718
7.14036
7.20772
7.08946
7.01542
7.04551
7.09412
7.46723
7.2268
7.43004
7.17354
7.18932
7.18065
7.23634
7.23616
7.14533
7.42634
7.1751
7.09291
7.04097
7.10418
7.05059
7.115
7.07036
7.29741
7.05113
7.35553
7.18513
7.15804
7.00349
7.01138
7.30154
7.12012
6.99535
7.13555
7.07903
7.20207
7.13544
7.03498
7.07002
7.08141
7.36682
7.31288
7.10066
7.07263
7.19098
7.05739
7.23105
7.05528
7.46978
7.04037
7.08179
7.29467
7.08391
7.11689
7.04255
7.03786
7.07389
7.05664
11.1983
11.2813
11.1959
11.3469
11.3538
11.3244
11.1951
11.4405
11.0622
11.8068
11.2967
11.3401
11.6412
11.0071
12.1007
11.7228
12.1443
11.9935
11.8362
11.8671
11.6883
11.6389
11.531
12.023
12.168
11.7287
12.1468
11.8893
11.8177
12.6614
12.0025
12.1489
11.881
12.2169
12.1083
11.8985
12.091
12.23
11.6363
11.8563
12.4322
12.0945
12.2907
11.8944
12.0592
11.9847
11.8422
12.6285
12.2805
11.7656
11.8187
11.6814
11.5144
11.6608
11.6544
11.9491
12.7325
12.0461
12.3337
12.2935
12.3806
12.3859
11.9246
11.7424
11.8331
12.3643
12.4485
12.3579
12.2873
12.5113
12.7437
12.394
12.5837
12.2804
12.2119
12.6492
12.4061
12.3816
12.6137
12.5931
13.8676
12.6957
12.8094
12.6666
12.9612
12.5853
11.9985
11.9602
12.585
12.997
12.3067
11.9407
12.2972
12.6341
12.0847
11.6259
12.0835
12.2004
11.5777
12.3055